91  67  109  0  1  
92  67  109  0  2  
91  68  109  0  3  
92  68  109  0  4  
91  69  109  0  5  
92  69  109  0  6  
91  70  109  0  7  
92  70  109  0  8  
91  67  110  0  9  
92  67  110  0  10  
91  68  110  0  11  
92  68  110  0  12  
91  69  110  0  13  
92  69  110  0  14  
91  70  110  0  15  
92  70  110  0  16  
91  65  111  0  17  
92  65  111  0  18  
93  65  111  0  19  
94  65  111  0  20  
91  66  111  0  21  
92  66  111  0  22  
93  66  111  0  23  
94  66  111  0  24  
91  67  111  0  25  
92  67  111  0  26  
93  67  111  0  27  
94  67  111  0  28  
91  68  111  0  29  
92  68  111  0  30  
93  68  111  0  31  
94  68  111  0  32  
91  69  111  0  33  
92  69  111  0  34  
93  69  111  0  35  
94  69  111  0  36  
91  70  111  0  37  
92  70  111  0  38  
93  70  111  0  39  
94  70  111  0  40  
91  71  111  0  41  
92  71  111  0  42  
93  71  111  0  43  
94  71  111  0  44  
91  72  111  0  45  
92  72  111  0  46  
93  72  111  0  47  
94  72  111  0  48  
91  73  111  0  49  
92  73  111  0  50  
91  74  111  0  51  
92  74  111  0  52  
91  65  112  0  53  
92  65  112  0  54  
93  65  112  0  55  
94  65  112  0  56  
91  66  112  0  57  
92  66  112  0  58  
93  66  112  0  59  
94  66  112  0  60  
91  67  112  0  61  
92  67  112  0  62  
93  67  112  0  63  
94  67  112  0  64  
91  68  112  0  65  
92  68  112  0  66  
93  68  112  0  67  
94  68  112  0  68  
91  69  112  0  69  
92  69  112  0  70  
93  69  112  0  71  
94  69  112  0  72  
91  70  112  0  73  
92  70  112  0  74  
93  70  112  0  75  
94  70  112  0  76  
91  71  112  0  77  
92  71  112  0  78  
93  71  112  0  79  
94  71  112  0  80  
91  72  112  0  81  
92  72  112  0  82  
93  72  112  0  83  
94  72  112  0  84  
91  73  112  0  85  
92  73  112  0  86  
91  74  112  0  87  
92  74  112  0  88  
91  63  113  0  89  
92  63  113  0  90  
91  64  113  0  91  
92  64  113  0  92  
91  65  113  0  93  
92  65  113  0  94  
93  65  113  0  95  
94  65  113  0  96  
91  66  113  0  97  
92  66  113  0  98  
93  66  113  0  99  
94  66  113  0  100  
91  67  113  0  101  
92  67  113  0  102  
93  67  113  0  103  
94  67  113  0  104  
95  67  113  0  105  
96  67  113  0  106  
91  68  113  0  107  
92  68  113  0  108  
93  68  113  0  109  
94  68  113  0  110  
95  68  113  0  111  
96  68  113  0  112  
91  69  113  0  113  
92  69  113  0  114  
93  69  113  0  115  
94  69  113  0  116  
95  69  113  0  117  
96  69  113  0  118  
91  70  113  0  119  
92  70  113  0  120  
93  70  113  0  121  
94  70  113  0  122  
95  70  113  0  123  
96  70  113  0  124  
91  71  113  0  125  
92  71  113  0  126  
93  71  113  0  127  
94  71  113  0  128  
95  71  113  0  129  
96  71  113  0  130  
91  72  113  0  131  
92  72  113  0  132  
93  72  113  0  133  
94  72  113  0  134  
95  72  113  0  135  
96  72  113  0  136  
91  73  113  0  137  
92  73  113  0  138  
91  74  113  0  139  
92  74  113  0  140  
91  63  114  0  141  
92  63  114  0  142  
91  64  114  0  143  
92  64  114  0  144  
91  65  114  0  145  
92  65  114  0  146  
93  65  114  0  147  
94  65  114  0  148  
91  66  114  0  149  
92  66  114  0  150  
93  66  114  0  151  
94  66  114  0  152  
91  67  114  0  153  
92  67  114  0  154  
93  67  114  0  155  
94  67  114  0  156  
95  67  114  0  157  
96  67  114  0  158  
91  68  114  0  159  
92  68  114  0  160  
93  68  114  0  161  
94  68  114  0  162  
95  68  114  0  163  
96  68  114  0  164  
91  69  114  0  165  
92  69  114  0  166  
93  69  114  0  167  
94  69  114  0  168  
95  69  114  0  169  
96  69  114  0  170  
91  70  114  0  171  
92  70  114  0  172  
93  70  114  0  173  
94  70  114  0  174  
95  70  114  0  175  
96  70  114  0  176  
91  71  114  0  177  
92  71  114  0  178  
93  71  114  0  179  
94  71  114  0  180  
95  71  114  0  181  
96  71  114  0  182  
91  72  114  0  183  
92  72  114  0  184  
93  72  114  0  185  
94  72  114  0  186  
95  72  114  0  187  
96  72  114  0  188  
91  73  114  0  189  
92  73  114  0  190  
91  74  114  0  191  
92  74  114  0  192  
91  63  115  0  193  
92  63  115  0  194  
91  64  115  0  195  
92  64  115  0  196  
91  65  115  0  197  
92  65  115  0  198  
93  65  115  0  199  
94  65  115  0  200  
95  65  115  0  201  
96  65  115  0  202  
91  66  115  0  203  
92  66  115  0  204  
93  66  115  0  205  
94  66  115  0  206  
95  66  115  0  207  
96  66  115  0  208  
91  67  115  0  209  
92  67  115  0  210  
93  67  115  0  211  
94  67  115  0  212  
95  67  115  0  213  
96  67  115  0  214  
91  68  115  0  215  
92  68  115  0  216  
93  68  115  0  217  
94  68  115  0  218  
95  68  115  0  219  
96  68  115  0  220  
91  69  115  0  221  
92  69  115  0  222  
93  69  115  0  223  
94  69  115  0  224  
95  69  115  0  225  
96  69  115  0  226  
91  70  115  0  227  
92  70  115  0  228  
93  70  115  0  229  
94  70  115  0  230  
95  70  115  0  231  
96  70  115  0  232  
91  71  115  0  233  
92  71  115  0  234  
93  71  115  0  235  
94  71  115  0  236  
95  71  115  0  237  
96  71  115  0  238  
91  72  115  0  239  
92  72  115  0  240  
93  72  115  0  241  
94  72  115  0  242  
95  72  115  0  243  
96  72  115  0  244  
91  73  115  0  245  
92  73  115  0  246  
93  73  115  0  247  
94  73  115  0  248  
91  74  115  0  249  
92  74  115  0  250  
93  74  115  0  251  
94  74  115  0  252  
91  63  116  0  253  
92  63  116  0  254  
91  64  116  0  255  
92  64  116  0  256  
91  65  116  0  257  
92  65  116  0  258  
93  65  116  0  259  
94  65  116  0  260  
95  65  116  0  261  
96  65  116  0  262  
91  66  116  0  263  
92  66  116  0  264  
93  66  116  0  265  
94  66  116  0  266  
95  66  116  0  267  
96  66  116  0  268  
91  67  116  0  269  
92  67  116  0  270  
93  67  116  0  271  
94  67  116  0  272  
95  67  116  0  273  
96  67  116  0  274  
91  68  116  0  275  
92  68  116  0  276  
93  68  116  0  277  
94  68  116  0  278  
95  68  116  0  279  
96  68  116  0  280  
91  69  116  0  281  
92  69  116  0  282  
93  69  116  0  283  
94  69  116  0  284  
95  69  116  0  285  
96  69  116  0  286  
91  70  116  0  287  
92  70  116  0  288  
93  70  116  0  289  
94  70  116  0  290  
95  70  116  0  291  
96  70  116  0  292  
91  71  116  0  293  
92  71  116  0  294  
93  71  116  0  295  
94  71  116  0  296  
95  71  116  0  297  
96  71  116  0  298  
91  72  116  0  299  
92  72  116  0  300  
93  72  116  0  301  
94  72  116  0  302  
95  72  116  0  303  
96  72  116  0  304  
91  73  116  0  305  
92  73  116  0  306  
93  73  116  0  307  
94  73  116  0  308  
91  74  116  0  309  
92  74  116  0  310  
93  74  116  0  311  
94  74  116  0  312  
91  63  117  0  313  
92  63  117  0  314  
93  63  117  0  315  
94  63  117  0  316  
91  64  117  0  317  
92  64  117  0  318  
93  64  117  0  319  
94  64  117  0  320  
91  65  117  0  321  
92  65  117  0  322  
93  65  117  0  323  
94  65  117  0  324  
95  65  117  0  325  
96  65  117  0  326  
91  66  117  0  327  
92  66  117  0  328  
93  66  117  0  329  
94  66  117  0  330  
95  66  117  0  331  
96  66  117  0  332  
91  67  117  0  333  
92  67  117  0  334  
93  67  117  0  335  
94  67  117  0  336  
95  67  117  0  337  
96  67  117  0  338  
91  68  117  0  339  
92  68  117  0  340  
93  68  117  0  341  
94  68  117  0  342  
95  68  117  0  343  
96  68  117  0  344  
91  69  117  0  345  
92  69  117  0  346  
93  69  117  0  347  
94  69  117  0  348  
95  69  117  0  349  
96  69  117  0  350  
91  70  117  0  351  
92  70  117  0  352  
93  70  117  0  353  
94  70  117  0  354  
95  70  117  0  355  
96  70  117  0  356  
91  71  117  0  357  
92  71  117  0  358  
93  71  117  0  359  
94  71  117  0  360  
95  71  117  0  361  
96  71  117  0  362  
91  72  117  0  363  
92  72  117  0  364  
93  72  117  0  365  
94  72  117  0  366  
95  72  117  0  367  
96  72  117  0  368  
91  73  117  0  369  
92  73  117  0  370  
93  73  117  0  371  
94  73  117  0  372  
91  74  117  0  373  
92  74  117  0  374  
93  74  117  0  375  
94  74  117  0  376  
91  63  118  0  377  
92  63  118  0  378  
93  63  118  0  379  
94  63  118  0  380  
91  64  118  0  381  
92  64  118  0  382  
93  64  118  0  383  
94  64  118  0  384  
91  65  118  0  385  
92  65  118  0  386  
93  65  118  0  387  
94  65  118  0  388  
95  65  118  0  389  
96  65  118  0  390  
91  66  118  0  391  
92  66  118  0  392  
93  66  118  0  393  
94  66  118  0  394  
95  66  118  0  395  
96  66  118  0  396  
91  67  118  0  397  
92  67  118  0  398  
93  67  118  0  399  
94  67  118  0  400  
95  67  118  0  401  
96  67  118  0  402  
91  68  118  0  403  
92  68  118  0  404  
93  68  118  0  405  
94  68  118  0  406  
95  68  118  0  407  
96  68  118  0  408  
91  69  118  0  409  
92  69  118  0  410  
93  69  118  0  411  
94  69  118  0  412  
95  69  118  0  413  
96  69  118  0  414  
91  70  118  0  415  
92  70  118  0  416  
93  70  118  0  417  
94  70  118  0  418  
95  70  118  0  419  
96  70  118  0  420  
91  71  118  0  421  
92  71  118  0  422  
93  71  118  0  423  
94  71  118  0  424  
95  71  118  0  425  
96  71  118  0  426  
91  72  118  0  427  
92  72  118  0  428  
93  72  118  0  429  
94  72  118  0  430  
95  72  118  0  431  
96  72  118  0  432  
91  73  118  0  433  
92  73  118  0  434  
93  73  118  0  435  
94  73  118  0  436  
91  74  118  0  437  
92  74  118  0  438  
93  74  118  0  439  
94  74  118  0  440  
91  61  119  0  441  
92  61  119  0  442  
93  61  119  0  443  
94  61  119  0  444  
91  62  119  0  445  
92  62  119  0  446  
93  62  119  0  447  
94  62  119  0  448  
91  63  119  0  449  
92  63  119  0  450  
93  63  119  0  451  
94  63  119  0  452  
95  63  119  0  453  
96  63  119  0  454  
91  64  119  0  455  
92  64  119  0  456  
93  64  119  0  457  
94  64  119  0  458  
95  64  119  0  459  
96  64  119  0  460  
91  65  119  0  461  
92  65  119  0  462  
93  65  119  0  463  
94  65  119  0  464  
95  65  119  0  465  
96  65  119  0  466  
91  66  119  0  467  
92  66  119  0  468  
93  66  119  0  469  
94  66  119  0  470  
95  66  119  0  471  
96  66  119  0  472  
91  67  119  0  473  
92  67  119  0  474  
93  67  119  0  475  
94  67  119  0  476  
95  67  119  0  477  
96  67  119  0  478  
91  68  119  0  479  
92  68  119  0  480  
93  68  119  0  481  
94  68  119  0  482  
95  68  119  0  483  
96  68  119  0  484  
91  69  119  0  485  
92  69  119  0  486  
93  69  119  0  487  
94  69  119  0  488  
95  69  119  0  489  
96  69  119  0  490  
91  70  119  0  491  
92  70  119  0  492  
93  70  119  0  493  
94  70  119  0  494  
95  70  119  0  495  
96  70  119  0  496  
91  71  119  0  497  
92  71  119  0  498  
93  71  119  0  499  
94  71  119  0  500  
91  72  119  0  501  
92  72  119  0  502  
93  72  119  0  503  
94  72  119  0  504  
91  73  119  0  505  
92  73  119  0  506  
91  74  119  0  507  
92  74  119  0  508  
91  61  120  0  509  
92  61  120  0  510  
93  61  120  0  511  
94  61  120  0  512  
91  62  120  0  513  
92  62  120  0  514  
93  62  120  0  515  
94  62  120  0  516  
91  63  120  0  517  
92  63  120  0  518  
93  63  120  0  519  
94  63  120  0  520  
95  63  120  0  521  
96  63  120  0  522  
91  64  120  0  523  
92  64  120  0  524  
93  64  120  0  525  
94  64  120  0  526  
95  64  120  0  527  
96  64  120  0  528  
91  65  120  0  529  
92  65  120  0  530  
93  65  120  0  531  
94  65  120  0  532  
95  65  120  0  533  
96  65  120  0  534  
91  66  120  0  535  
92  66  120  0  536  
93  66  120  0  537  
94  66  120  0  538  
95  66  120  0  539  
96  66  120  0  540  
91  67  120  0  541  
92  67  120  0  542  
93  67  120  0  543  
94  67  120  0  544  
95  67  120  0  545  
96  67  120  0  546  
91  68  120  0  547  
92  68  120  0  548  
93  68  120  0  549  
94  68  120  0  550  
95  68  120  0  551  
96  68  120  0  552  
91  69  120  0  553  
92  69  120  0  554  
93  69  120  0  555  
94  69  120  0  556  
95  69  120  0  557  
96  69  120  0  558  
91  70  120  0  559  
92  70  120  0  560  
93  70  120  0  561  
94  70  120  0  562  
95  70  120  0  563  
96  70  120  0  564  
91  71  120  0  565  
92  71  120  0  566  
93  71  120  0  567  
94  71  120  0  568  
91  72  120  0  569  
92  72  120  0  570  
93  72  120  0  571  
94  72  120  0  572  
91  73  120  0  573  
92  73  120  0  574  
91  74  120  0  575  
92  74  120  0  576  
91  61  121  0  577  
92  61  121  0  578  
93  61  121  0  579  
94  61  121  0  580  
95  61  121  0  581  
96  61  121  0  582  
91  62  121  0  583  
92  62  121  0  584  
93  62  121  0  585  
94  62  121  0  586  
95  62  121  0  587  
96  62  121  0  588  
91  63  121  0  589  
92  63  121  0  590  
93  63  121  0  591  
94  63  121  0  592  
95  63  121  0  593  
96  63  121  0  594  
91  64  121  0  595  
92  64  121  0  596  
93  64  121  0  597  
94  64  121  0  598  
95  64  121  0  599  
96  64  121  0  600  
91  65  121  0  601  
92  65  121  0  602  
93  65  121  0  603  
94  65  121  0  604  
95  65  121  0  605  
96  65  121  0  606  
91  66  121  0  607  
92  66  121  0  608  
93  66  121  0  609  
94  66  121  0  610  
95  66  121  0  611  
96  66  121  0  612  
91  67  121  0  613  
92  67  121  0  614  
93  67  121  0  615  
94  67  121  0  616  
95  67  121  0  617  
96  67  121  0  618  
91  68  121  0  619  
92  68  121  0  620  
93  68  121  0  621  
94  68  121  0  622  
95  68  121  0  623  
96  68  121  0  624  
91  69  121  0  625  
92  69  121  0  626  
93  69  121  0  627  
94  69  121  0  628  
95  69  121  0  629  
96  69  121  0  630  
91  70  121  0  631  
92  70  121  0  632  
93  70  121  0  633  
94  70  121  0  634  
95  70  121  0  635  
96  70  121  0  636  
91  71  121  0  637  
92  71  121  0  638  
93  71  121  0  639  
94  71  121  0  640  
91  72  121  0  641  
92  72  121  0  642  
93  72  121  0  643  
94  72  121  0  644  
91  61  122  0  645  
92  61  122  0  646  
93  61  122  0  647  
94  61  122  0  648  
95  61  122  0  649  
96  61  122  0  650  
91  62  122  0  651  
92  62  122  0  652  
93  62  122  0  653  
94  62  122  0  654  
95  62  122  0  655  
96  62  122  0  656  
91  63  122  0  657  
92  63  122  0  658  
93  63  122  0  659  
94  63  122  0  660  
95  63  122  0  661  
96  63  122  0  662  
91  64  122  0  663  
92  64  122  0  664  
93  64  122  0  665  
94  64  122  0  666  
95  64  122  0  667  
96  64  122  0  668  
91  65  122  0  669  
92  65  122  0  670  
93  65  122  0  671  
94  65  122  0  672  
95  65  122  0  673  
96  65  122  0  674  
91  66  122  0  675  
92  66  122  0  676  
93  66  122  0  677  
94  66  122  0  678  
95  66  122  0  679  
96  66  122  0  680  
91  67  122  0  681  
92  67  122  0  682  
93  67  122  0  683  
94  67  122  0  684  
95  67  122  0  685  
96  67  122  0  686  
91  68  122  0  687  
92  68  122  0  688  
93  68  122  0  689  
94  68  122  0  690  
95  68  122  0  691  
96  68  122  0  692  
91  69  122  0  693  
92  69  122  0  694  
93  69  122  0  695  
94  69  122  0  696  
95  69  122  0  697  
96  69  122  0  698  
91  70  122  0  699  
92  70  122  0  700  
93  70  122  0  701  
94  70  122  0  702  
95  70  122  0  703  
96  70  122  0  704  
91  71  122  0  705  
92  71  122  0  706  
93  71  122  0  707  
94  71  122  0  708  
91  72  122  0  709  
92  72  122  0  710  
93  72  122  0  711  
94  72  122  0  712  
91  61  123  0  713  
92  61  123  0  714  
93  61  123  0  715  
94  61  123  0  716  
95  61  123  0  717  
96  61  123  0  718  
91  62  123  0  719  
92  62  123  0  720  
93  62  123  0  721  
94  62  123  0  722  
95  62  123  0  723  
96  62  123  0  724  
91  63  123  0  725  
92  63  123  0  726  
93  63  123  0  727  
94  63  123  0  728  
95  63  123  0  729  
96  63  123  0  730  
91  64  123  0  731  
92  64  123  0  732  
93  64  123  0  733  
94  64  123  0  734  
95  64  123  0  735  
96  64  123  0  736  
91  65  123  0  737  
92  65  123  0  738  
93  65  123  0  739  
94  65  123  0  740  
95  65  123  0  741  
96  65  123  0  742  
91  66  123  0  743  
92  66  123  0  744  
93  66  123  0  745  
94  66  123  0  746  
95  66  123  0  747  
96  66  123  0  748  
91  67  123  0  749  
92  67  123  0  750  
93  67  123  0  751  
94  67  123  0  752  
95  67  123  0  753  
96  67  123  0  754  
91  68  123  0  755  
92  68  123  0  756  
93  68  123  0  757  
94  68  123  0  758  
95  68  123  0  759  
96  68  123  0  760  
91  69  123  0  761  
92  69  123  0  762  
93  69  123  0  763  
94  69  123  0  764  
91  70  123  0  765  
92  70  123  0  766  
93  70  123  0  767  
94  70  123  0  768  
91  61  124  0  769  
92  61  124  0  770  
93  61  124  0  771  
94  61  124  0  772  
95  61  124  0  773  
96  61  124  0  774  
91  62  124  0  775  
92  62  124  0  776  
93  62  124  0  777  
94  62  124  0  778  
95  62  124  0  779  
96  62  124  0  780  
91  63  124  0  781  
92  63  124  0  782  
93  63  124  0  783  
94  63  124  0  784  
95  63  124  0  785  
96  63  124  0  786  
91  64  124  0  787  
92  64  124  0  788  
93  64  124  0  789  
94  64  124  0  790  
95  64  124  0  791  
96  64  124  0  792  
91  65  124  0  793  
92  65  124  0  794  
93  65  124  0  795  
94  65  124  0  796  
95  65  124  0  797  
96  65  124  0  798  
91  66  124  0  799  
92  66  124  0  800  
93  66  124  0  801  
94  66  124  0  802  
95  66  124  0  803  
96  66  124  0  804  
91  67  124  0  805  
92  67  124  0  806  
93  67  124  0  807  
94  67  124  0  808  
95  67  124  0  809  
96  67  124  0  810  
91  68  124  0  811  
92  68  124  0  812  
93  68  124  0  813  
94  68  124  0  814  
95  68  124  0  815  
96  68  124  0  816  
91  69  124  0  817  
92  69  124  0  818  
93  69  124  0  819  
94  69  124  0  820  
91  70  124  0  821  
92  70  124  0  822  
93  70  124  0  823  
94  70  124  0  824  
91  63  125  0  825  
92  63  125  0  826  
93  63  125  0  827  
94  63  125  0  828  
95  63  125  0  829  
96  63  125  0  830  
91  64  125  0  831  
92  64  125  0  832  
93  64  125  0  833  
94  64  125  0  834  
95  64  125  0  835  
96  64  125  0  836  
91  65  125  0  837  
92  65  125  0  838  
93  65  125  0  839  
94  65  125  0  840  
95  65  125  0  841  
96  65  125  0  842  
91  66  125  0  843  
92  66  125  0  844  
93  66  125  0  845  
94  66  125  0  846  
95  66  125  0  847  
96  66  125  0  848  
91  67  125  0  849  
92  67  125  0  850  
93  67  125  0  851  
94  67  125  0  852  
91  68  125  0  853  
92  68  125  0  854  
93  68  125  0  855  
94  68  125  0  856  
91  63  126  0  857  
92  63  126  0  858  
93  63  126  0  859  
94  63  126  0  860  
95  63  126  0  861  
96  63  126  0  862  
91  64  126  0  863  
92  64  126  0  864  
93  64  126  0  865  
94  64  126  0  866  
95  64  126  0  867  
96  64  126  0  868  
91  65  126  0  869  
92  65  126  0  870  
93  65  126  0  871  
94  65  126  0  872  
95  65  126  0  873  
96  65  126  0  874  
91  66  126  0  875  
92  66  126  0  876  
93  66  126  0  877  
94  66  126  0  878  
95  66  126  0  879  
96  66  126  0  880  
91  67  126  0  881  
92  67  126  0  882  
93  67  126  0  883  
94  67  126  0  884  
91  68  126  0  885  
92  68  126  0  886  
93  68  126  0  887  
94  68  126  0  888  
