91  155  55  0  1  
92  155  55  0  2  
91  156  55  0  3  
92  156  55  0  4  
91  157  55  0  5  
92  157  55  0  6  
91  158  55  0  7  
92  158  55  0  8  
91  159  55  0  9  
92  159  55  0  10  
91  160  55  0  11  
92  160  55  0  12  
91  161  55  0  13  
92  161  55  0  14  
91  162  55  0  15  
92  162  55  0  16  
91  163  55  0  17  
92  163  55  0  18  
91  164  55  0  19  
92  164  55  0  20  
91  165  55  0  21  
92  165  55  0  22  
91  166  55  0  23  
92  166  55  0  24  
91  155  56  0  25  
92  155  56  0  26  
91  156  56  0  27  
92  156  56  0  28  
91  157  56  0  29  
92  157  56  0  30  
91  158  56  0  31  
92  158  56  0  32  
91  159  56  0  33  
92  159  56  0  34  
91  160  56  0  35  
92  160  56  0  36  
91  161  56  0  37  
92  161  56  0  38  
91  162  56  0  39  
92  162  56  0  40  
91  163  56  0  41  
92  163  56  0  42  
91  164  56  0  43  
92  164  56  0  44  
91  165  56  0  45  
92  165  56  0  46  
91  166  56  0  47  
92  166  56  0  48  
91  153  57  0  49  
92  153  57  0  50  
91  154  57  0  51  
92  154  57  0  52  
91  155  57  0  53  
92  155  57  0  54  
93  155  57  0  55  
94  155  57  0  56  
91  156  57  0  57  
92  156  57  0  58  
93  156  57  0  59  
94  156  57  0  60  
91  157  57  0  61  
92  157  57  0  62  
93  157  57  0  63  
94  157  57  0  64  
91  158  57  0  65  
92  158  57  0  66  
93  158  57  0  67  
94  158  57  0  68  
91  159  57  0  69  
92  159  57  0  70  
93  159  57  0  71  
94  159  57  0  72  
91  160  57  0  73  
92  160  57  0  74  
93  160  57  0  75  
94  160  57  0  76  
91  161  57  0  77  
92  161  57  0  78  
91  162  57  0  79  
92  162  57  0  80  
91  163  57  0  81  
92  163  57  0  82  
91  164  57  0  83  
92  164  57  0  84  
91  153  58  0  85  
92  153  58  0  86  
91  154  58  0  87  
92  154  58  0  88  
91  155  58  0  89  
92  155  58  0  90  
93  155  58  0  91  
94  155  58  0  92  
91  156  58  0  93  
92  156  58  0  94  
93  156  58  0  95  
94  156  58  0  96  
91  157  58  0  97  
92  157  58  0  98  
93  157  58  0  99  
94  157  58  0  100  
91  158  58  0  101  
92  158  58  0  102  
93  158  58  0  103  
94  158  58  0  104  
91  159  58  0  105  
92  159  58  0  106  
93  159  58  0  107  
94  159  58  0  108  
91  160  58  0  109  
92  160  58  0  110  
93  160  58  0  111  
94  160  58  0  112  
91  161  58  0  113  
92  161  58  0  114  
91  162  58  0  115  
92  162  58  0  116  
91  163  58  0  117  
92  163  58  0  118  
91  164  58  0  119  
92  164  58  0  120  
91  153  59  0  121  
92  153  59  0  122  
91  154  59  0  123  
92  154  59  0  124  
91  155  59  0  125  
92  155  59  0  126  
93  155  59  0  127  
94  155  59  0  128  
91  156  59  0  129  
92  156  59  0  130  
93  156  59  0  131  
94  156  59  0  132  
91  157  59  0  133  
92  157  59  0  134  
93  157  59  0  135  
94  157  59  0  136  
91  158  59  0  137  
92  158  59  0  138  
93  158  59  0  139  
94  158  59  0  140  
91  159  59  0  141  
92  159  59  0  142  
93  159  59  0  143  
94  159  59  0  144  
91  160  59  0  145  
92  160  59  0  146  
93  160  59  0  147  
94  160  59  0  148  
91  161  59  0  149  
92  161  59  0  150  
91  162  59  0  151  
92  162  59  0  152  
91  153  60  0  153  
92  153  60  0  154  
91  154  60  0  155  
92  154  60  0  156  
91  155  60  0  157  
92  155  60  0  158  
93  155  60  0  159  
94  155  60  0  160  
91  156  60  0  161  
92  156  60  0  162  
93  156  60  0  163  
94  156  60  0  164  
91  157  60  0  165  
92  157  60  0  166  
93  157  60  0  167  
94  157  60  0  168  
91  158  60  0  169  
92  158  60  0  170  
93  158  60  0  171  
94  158  60  0  172  
91  159  60  0  173  
92  159  60  0  174  
93  159  60  0  175  
94  159  60  0  176  
91  160  60  0  177  
92  160  60  0  178  
93  160  60  0  179  
94  160  60  0  180  
91  161  60  0  181  
92  161  60  0  182  
91  162  60  0  183  
92  162  60  0  184  
91  151  61  0  185  
92  151  61  0  186  
91  152  61  0  187  
92  152  61  0  188  
91  153  61  0  189  
92  153  61  0  190  
91  154  61  0  191  
92  154  61  0  192  
91  155  61  0  193  
92  155  61  0  194  
93  155  61  0  195  
94  155  61  0  196  
91  156  61  0  197  
92  156  61  0  198  
93  156  61  0  199  
94  156  61  0  200  
91  157  61  0  201  
92  157  61  0  202  
93  157  61  0  203  
94  157  61  0  204  
91  158  61  0  205  
92  158  61  0  206  
93  158  61  0  207  
94  158  61  0  208  
91  159  61  0  209  
92  159  61  0  210  
91  160  61  0  211  
92  160  61  0  212  
91  161  61  0  213  
92  161  61  0  214  
91  162  61  0  215  
92  162  61  0  216  
91  151  62  0  217  
92  151  62  0  218  
91  152  62  0  219  
92  152  62  0  220  
91  153  62  0  221  
92  153  62  0  222  
91  154  62  0  223  
92  154  62  0  224  
91  155  62  0  225  
92  155  62  0  226  
93  155  62  0  227  
94  155  62  0  228  
91  156  62  0  229  
92  156  62  0  230  
93  156  62  0  231  
94  156  62  0  232  
91  157  62  0  233  
92  157  62  0  234  
93  157  62  0  235  
94  157  62  0  236  
91  158  62  0  237  
92  158  62  0  238  
93  158  62  0  239  
94  158  62  0  240  
91  159  62  0  241  
92  159  62  0  242  
91  160  62  0  243  
92  160  62  0  244  
91  161  62  0  245  
92  161  62  0  246  
91  162  62  0  247  
92  162  62  0  248  
91  153  63  0  249  
92  153  63  0  250  
91  154  63  0  251  
92  154  63  0  252  
91  155  63  0  253  
92  155  63  0  254  
91  156  63  0  255  
92  156  63  0  256  
91  157  63  0  257  
92  157  63  0  258  
91  158  63  0  259  
92  158  63  0  260  
91  159  63  0  261  
92  159  63  0  262  
91  160  63  0  263  
92  160  63  0  264  
91  153  64  0  265  
92  153  64  0  266  
91  154  64  0  267  
92  154  64  0  268  
91  155  64  0  269  
92  155  64  0  270  
91  156  64  0  271  
92  156  64  0  272  
91  157  64  0  273  
92  157  64  0  274  
91  158  64  0  275  
92  158  64  0  276  
91  159  64  0  277  
92  159  64  0  278  
91  160  64  0  279  
92  160  64  0  280  
