91  155  55  
92  155  55  
91  156  55  
92  156  55  
91  157  55  
92  157  55  
91  158  55  
92  158  55  
91  159  55  
92  159  55  
91  160  55  
92  160  55  
91  161  55  
92  161  55  
91  162  55  
92  162  55  
91  163  55  
92  163  55  
91  164  55  
92  164  55  
91  165  55  
92  165  55  
91  166  55  
92  166  55  
91  155  56  
92  155  56  
91  156  56  
92  156  56  
91  157  56  
92  157  56  
91  158  56  
92  158  56  
91  159  56  
92  159  56  
91  160  56  
92  160  56  
91  161  56  
92  161  56  
91  162  56  
92  162  56  
91  163  56  
92  163  56  
91  164  56  
92  164  56  
91  165  56  
92  165  56  
91  166  56  
92  166  56  
91  153  57  
92  153  57  
91  154  57  
92  154  57  
91  155  57  
92  155  57  
93  155  57  
94  155  57  
91  156  57  
92  156  57  
93  156  57  
94  156  57  
91  157  57  
92  157  57  
93  157  57  
94  157  57  
91  158  57  
92  158  57  
93  158  57  
94  158  57  
91  159  57  
92  159  57  
93  159  57  
94  159  57  
91  160  57  
92  160  57  
93  160  57  
94  160  57  
91  161  57  
92  161  57  
91  162  57  
92  162  57  
91  163  57  
92  163  57  
91  164  57  
92  164  57  
91  153  58  
92  153  58  
91  154  58  
92  154  58  
91  155  58  
92  155  58  
93  155  58  
94  155  58  
91  156  58  
92  156  58  
93  156  58  
94  156  58  
91  157  58  
92  157  58  
93  157  58  
94  157  58  
91  158  58  
92  158  58  
93  158  58  
94  158  58  
91  159  58  
92  159  58  
93  159  58  
94  159  58  
91  160  58  
92  160  58  
93  160  58  
94  160  58  
91  161  58  
92  161  58  
91  162  58  
92  162  58  
91  163  58  
92  163  58  
91  164  58  
92  164  58  
91  153  59  
92  153  59  
91  154  59  
92  154  59  
91  155  59  
92  155  59  
93  155  59  
94  155  59  
91  156  59  
92  156  59  
93  156  59  
94  156  59  
91  157  59  
92  157  59  
93  157  59  
94  157  59  
91  158  59  
92  158  59  
93  158  59  
94  158  59  
91  159  59  
92  159  59  
93  159  59  
94  159  59  
91  160  59  
92  160  59  
93  160  59  
94  160  59  
91  161  59  
92  161  59  
91  162  59  
92  162  59  
91  153  60  
92  153  60  
91  154  60  
92  154  60  
91  155  60  
92  155  60  
93  155  60  
94  155  60  
91  156  60  
92  156  60  
93  156  60  
94  156  60  
91  157  60  
92  157  60  
93  157  60  
94  157  60  
91  158  60  
92  158  60  
93  158  60  
94  158  60  
91  159  60  
92  159  60  
93  159  60  
94  159  60  
91  160  60  
92  160  60  
93  160  60  
94  160  60  
91  161  60  
92  161  60  
91  162  60  
92  162  60  
91  151  61  
92  151  61  
91  152  61  
92  152  61  
91  153  61  
92  153  61  
91  154  61  
92  154  61  
91  155  61  
92  155  61  
93  155  61  
94  155  61  
91  156  61  
92  156  61  
93  156  61  
94  156  61  
91  157  61  
92  157  61  
93  157  61  
94  157  61  
91  158  61  
92  158  61  
93  158  61  
94  158  61  
91  159  61  
92  159  61  
91  160  61  
92  160  61  
91  161  61  
92  161  61  
91  162  61  
92  162  61  
91  151  62  
92  151  62  
91  152  62  
92  152  62  
91  153  62  
92  153  62  
91  154  62  
92  154  62  
91  155  62  
92  155  62  
93  155  62  
94  155  62  
91  156  62  
92  156  62  
93  156  62  
94  156  62  
91  157  62  
92  157  62  
93  157  62  
94  157  62  
91  158  62  
92  158  62  
93  158  62  
94  158  62  
91  159  62  
92  159  62  
91  160  62  
92  160  62  
91  161  62  
92  161  62  
91  162  62  
92  162  62  
91  153  63  
92  153  63  
91  154  63  
92  154  63  
91  155  63  
92  155  63  
91  156  63  
92  156  63  
91  157  63  
92  157  63  
91  158  63  
92  158  63  
91  159  63  
92  159  63  
91  160  63  
92  160  63  
91  153  64  
92  153  64  
91  154  64  
92  154  64  
91  155  64  
92  155  64  
91  156  64  
92  156  64  
91  157  64  
92  157  64  
91  158  64  
92  158  64  
91  159  64  
92  159  64  
91  160  64  
92  160  64  
93  173  79  
94  173  79  
95  173  79  
96  173  79  
93  174  79  
94  174  79  
95  174  79  
96  174  79  
91  175  79  
92  175  79  
93  175  79  
94  175  79  
95  175  79  
96  175  79  
91  176  79  
92  176  79  
93  176  79  
94  176  79  
95  176  79  
96  176  79  
91  177  79  
92  177  79  
93  177  79  
94  177  79  
95  177  79  
96  177  79  
91  178  79  
92  178  79  
93  178  79  
94  178  79  
95  178  79  
96  178  79  
93  179  79  
94  179  79  
93  180  79  
94  180  79  
93  173  80  
94  173  80  
95  173  80  
96  173  80  
93  174  80  
94  174  80  
95  174  80  
96  174  80  
91  175  80  
92  175  80  
93  175  80  
94  175  80  
95  175  80  
96  175  80  
91  176  80  
92  176  80  
93  176  80  
94  176  80  
95  176  80  
96  176  80  
91  177  80  
92  177  80  
93  177  80  
94  177  80  
95  177  80  
96  177  80  
91  178  80  
92  178  80  
93  178  80  
94  178  80  
95  178  80  
96  178  80  
93  179  80  
94  179  80  
93  180  80  
94  180  80  
93  173  81  
94  173  81  
95  173  81  
96  173  81  
93  174  81  
94  174  81  
95  174  81  
96  174  81  
91  175  81  
92  175  81  
93  175  81  
94  175  81  
95  175  81  
96  175  81  
91  176  81  
92  176  81  
93  176  81  
94  176  81  
95  176  81  
96  176  81  
91  177  81  
92  177  81  
93  177  81  
94  177  81  
95  177  81  
96  177  81  
91  178  81  
92  178  81  
93  178  81  
94  178  81  
95  178  81  
96  178  81  
91  179  81  
92  179  81  
93  179  81  
94  179  81  
95  179  81  
96  179  81  
91  180  81  
92  180  81  
93  180  81  
94  180  81  
95  180  81  
96  180  81  
93  181  81  
94  181  81  
93  182  81  
94  182  81  
93  173  82  
94  173  82  
95  173  82  
96  173  82  
93  174  82  
94  174  82  
95  174  82  
96  174  82  
91  175  82  
92  175  82  
93  175  82  
94  175  82  
95  175  82  
96  175  82  
91  176  82  
92  176  82  
93  176  82  
94  176  82  
95  176  82  
96  176  82  
91  177  82  
92  177  82  
93  177  82  
94  177  82  
95  177  82  
96  177  82  
91  178  82  
92  178  82  
93  178  82  
94  178  82  
95  178  82  
96  178  82  
91  179  82  
92  179  82  
93  179  82  
94  179  82  
95  179  82  
96  179  82  
91  180  82  
92  180  82  
93  180  82  
94  180  82  
95  180  82  
96  180  82  
93  181  82  
94  181  82  
93  182  82  
94  182  82  
91  175  83  
92  175  83  
93  175  83  
94  175  83  
95  175  83  
96  175  83  
91  176  83  
92  176  83  
93  176  83  
94  176  83  
95  176  83  
96  176  83  
91  177  83  
92  177  83  
93  177  83  
94  177  83  
95  177  83  
96  177  83  
91  178  83  
92  178  83  
93  178  83  
94  178  83  
95  178  83  
96  178  83  
91  179  83  
92  179  83  
93  179  83  
94  179  83  
95  179  83  
96  179  83  
91  180  83  
92  180  83  
93  180  83  
94  180  83  
95  180  83  
96  180  83  
93  181  83  
94  181  83  
93  182  83  
94  182  83  
91  175  84  
92  175  84  
93  175  84  
94  175  84  
95  175  84  
96  175  84  
91  176  84  
92  176  84  
93  176  84  
94  176  84  
95  176  84  
96  176  84  
91  177  84  
92  177  84  
93  177  84  
94  177  84  
95  177  84  
96  177  84  
91  178  84  
92  178  84  
93  178  84  
94  178  84  
95  178  84  
96  178  84  
91  179  84  
92  179  84  
93  179  84  
94  179  84  
95  179  84  
96  179  84  
91  180  84  
92  180  84  
93  180  84  
94  180  84  
95  180  84  
96  180  84  
93  181  84  
94  181  84  
93  182  84  
94  182  84  
41  57  85  
42  57  85  
41  58  85  
42  58  85  
39  59  85  
40  59  85  
41  59  85  
42  59  85  
39  60  85  
40  60  85  
41  60  85  
42  60  85  
39  61  85  
40  61  85  
41  61  85  
42  61  85  
39  62  85  
40  62  85  
41  62  85  
42  62  85  
39  63  85  
40  63  85  
41  63  85  
42  63  85  
39  64  85  
40  64  85  
41  64  85  
42  64  85  
91  177  85  
92  177  85  
93  177  85  
94  177  85  
91  178  85  
92  178  85  
93  178  85  
94  178  85  
91  179  85  
92  179  85  
93  179  85  
94  179  85  
91  180  85  
92  180  85  
93  180  85  
94  180  85  
41  57  86  
42  57  86  
41  58  86  
42  58  86  
39  59  86  
40  59  86  
41  59  86  
42  59  86  
39  60  86  
40  60  86  
41  60  86  
42  60  86  
39  61  86  
40  61  86  
41  61  86  
42  61  86  
39  62  86  
40  62  86  
41  62  86  
42  62  86  
39  63  86  
40  63  86  
41  63  86  
42  63  86  
39  64  86  
40  64  86  
41  64  86  
42  64  86  
91  177  86  
92  177  86  
93  177  86  
94  177  86  
91  178  86  
92  178  86  
93  178  86  
94  178  86  
91  179  86  
92  179  86  
93  179  86  
94  179  86  
91  180  86  
92  180  86  
93  180  86  
94  180  86  
39  53  87  
40  53  87  
41  53  87  
42  53  87  
43  53  87  
44  53  87  
45  53  87  
46  53  87  
39  54  87  
40  54  87  
41  54  87  
42  54  87  
43  54  87  
44  54  87  
45  54  87  
46  54  87  
39  55  87  
40  55  87  
41  55  87  
42  55  87  
43  55  87  
44  55  87  
45  55  87  
46  55  87  
39  56  87  
40  56  87  
41  56  87  
42  56  87  
43  56  87  
44  56  87  
45  56  87  
46  56  87  
37  57  87  
38  57  87  
39  57  87  
40  57  87  
41  57  87  
42  57  87  
43  57  87  
44  57  87  
45  57  87  
46  57  87  
37  58  87  
38  58  87  
39  58  87  
40  58  87  
41  58  87  
42  58  87  
43  58  87  
44  58  87  
45  58  87  
46  58  87  
37  59  87  
38  59  87  
39  59  87  
40  59  87  
41  59  87  
42  59  87  
43  59  87  
44  59  87  
37  60  87  
38  60  87  
39  60  87  
40  60  87  
41  60  87  
42  60  87  
43  60  87  
44  60  87  
37  61  87  
38  61  87  
39  61  87  
40  61  87  
41  61  87  
42  61  87  
43  61  87  
44  61  87  
37  62  87  
38  62  87  
39  62  87  
40  62  87  
41  62  87  
42  62  87  
43  62  87  
44  62  87  
37  63  87  
38  63  87  
39  63  87  
40  63  87  
41  63  87  
42  63  87  
37  64  87  
38  64  87  
39  64  87  
40  64  87  
41  64  87  
42  64  87  
39  65  87  
40  65  87  
41  65  87  
42  65  87  
39  66  87  
40  66  87  
41  66  87  
42  66  87  
39  53  88  
40  53  88  
41  53  88  
42  53  88  
43  53  88  
44  53  88  
45  53  88  
46  53  88  
39  54  88  
40  54  88  
41  54  88  
42  54  88  
43  54  88  
44  54  88  
45  54  88  
46  54  88  
39  55  88  
40  55  88  
41  55  88  
42  55  88  
43  55  88  
44  55  88  
45  55  88  
46  55  88  
39  56  88  
40  56  88  
41  56  88  
42  56  88  
43  56  88  
44  56  88  
45  56  88  
46  56  88  
37  57  88  
38  57  88  
39  57  88  
40  57  88  
41  57  88  
42  57  88  
43  57  88  
44  57  88  
45  57  88  
46  57  88  
37  58  88  
38  58  88  
39  58  88  
40  58  88  
41  58  88  
42  58  88  
43  58  88  
44  58  88  
45  58  88  
46  58  88  
37  59  88  
38  59  88  
39  59  88  
40  59  88  
41  59  88  
42  59  88  
43  59  88  
44  59  88  
37  60  88  
38  60  88  
39  60  88  
40  60  88  
41  60  88  
42  60  88  
43  60  88  
44  60  88  
37  61  88  
38  61  88  
39  61  88  
40  61  88  
41  61  88  
42  61  88  
43  61  88  
44  61  88  
37  62  88  
38  62  88  
39  62  88  
40  62  88  
41  62  88  
42  62  88  
43  62  88  
44  62  88  
37  63  88  
38  63  88  
39  63  88  
40  63  88  
41  63  88  
42  63  88  
37  64  88  
38  64  88  
39  64  88  
40  64  88  
41  64  88  
42  64  88  
39  65  88  
40  65  88  
41  65  88  
42  65  88  
39  66  88  
40  66  88  
41  66  88  
42  66  88  
41  51  89  
42  51  89  
43  51  89  
44  51  89  
45  51  89  
46  51  89  
41  52  89  
42  52  89  
43  52  89  
44  52  89  
45  52  89  
46  52  89  
39  53  89  
40  53  89  
41  53  89  
42  53  89  
43  53  89  
44  53  89  
45  53  89  
46  53  89  
47  53  89  
48  53  89  
39  54  89  
40  54  89  
41  54  89  
42  54  89  
43  54  89  
44  54  89  
45  54  89  
46  54  89  
47  54  89  
48  54  89  
37  55  89  
38  55  89  
39  55  89  
40  55  89  
41  55  89  
42  55  89  
43  55  89  
44  55  89  
45  55  89  
46  55  89  
37  56  89  
38  56  89  
39  56  89  
40  56  89  
41  56  89  
42  56  89  
43  56  89  
44  56  89  
45  56  89  
46  56  89  
37  57  89  
38  57  89  
39  57  89  
40  57  89  
41  57  89  
42  57  89  
43  57  89  
44  57  89  
45  57  89  
46  57  89  
37  58  89  
38  58  89  
39  58  89  
40  58  89  
41  58  89  
42  58  89  
43  58  89  
44  58  89  
45  58  89  
46  58  89  
37  59  89  
38  59  89  
39  59  89  
40  59  89  
41  59  89  
42  59  89  
43  59  89  
44  59  89  
37  60  89  
38  60  89  
39  60  89  
40  60  89  
41  60  89  
42  60  89  
43  60  89  
44  60  89  
37  61  89  
38  61  89  
39  61  89  
40  61  89  
41  61  89  
42  61  89  
43  61  89  
44  61  89  
37  62  89  
38  62  89  
39  62  89  
40  62  89  
41  62  89  
42  62  89  
43  62  89  
44  62  89  
37  63  89  
38  63  89  
39  63  89  
40  63  89  
41  63  89  
42  63  89  
37  64  89  
38  64  89  
39  64  89  
40  64  89  
41  64  89  
42  64  89  
37  65  89  
38  65  89  
39  65  89  
40  65  89  
41  65  89  
42  65  89  
37  66  89  
38  66  89  
39  66  89  
40  66  89  
41  66  89  
42  66  89  
93  71  89  
94  71  89  
93  72  89  
94  72  89  
91  73  89  
92  73  89  
93  73  89  
94  73  89  
95  73  89  
96  73  89  
91  74  89  
92  74  89  
93  74  89  
94  74  89  
95  74  89  
96  74  89  
93  75  89  
94  75  89  
93  76  89  
94  76  89  
41  51  90  
42  51  90  
43  51  90  
44  51  90  
45  51  90  
46  51  90  
41  52  90  
42  52  90  
43  52  90  
44  52  90  
45  52  90  
46  52  90  
39  53  90  
40  53  90  
41  53  90  
42  53  90  
43  53  90  
44  53  90  
45  53  90  
46  53  90  
47  53  90  
48  53  90  
39  54  90  
40  54  90  
41  54  90  
42  54  90  
43  54  90  
44  54  90  
45  54  90  
46  54  90  
47  54  90  
48  54  90  
37  55  90  
38  55  90  
39  55  90  
40  55  90  
41  55  90  
42  55  90  
43  55  90  
44  55  90  
45  55  90  
46  55  90  
37  56  90  
38  56  90  
39  56  90  
40  56  90  
41  56  90  
42  56  90  
43  56  90  
44  56  90  
45  56  90  
46  56  90  
37  57  90  
38  57  90  
39  57  90  
40  57  90  
41  57  90  
42  57  90  
43  57  90  
44  57  90  
45  57  90  
46  57  90  
37  58  90  
38  58  90  
39  58  90  
40  58  90  
41  58  90  
42  58  90  
43  58  90  
44  58  90  
45  58  90  
46  58  90  
37  59  90  
38  59  90  
39  59  90  
40  59  90  
41  59  90  
42  59  90  
43  59  90  
44  59  90  
37  60  90  
38  60  90  
39  60  90  
40  60  90  
41  60  90  
42  60  90  
43  60  90  
44  60  90  
37  61  90  
38  61  90  
39  61  90  
40  61  90  
41  61  90  
42  61  90  
43  61  90  
44  61  90  
37  62  90  
38  62  90  
39  62  90  
40  62  90  
41  62  90  
42  62  90  
43  62  90  
44  62  90  
37  63  90  
38  63  90  
39  63  90  
40  63  90  
41  63  90  
42  63  90  
37  64  90  
38  64  90  
39  64  90  
40  64  90  
41  64  90  
42  64  90  
37  65  90  
38  65  90  
39  65  90  
40  65  90  
41  65  90  
42  65  90  
37  66  90  
38  66  90  
39  66  90  
40  66  90  
41  66  90  
42  66  90  
93  71  90  
94  71  90  
93  72  90  
94  72  90  
91  73  90  
92  73  90  
93  73  90  
94  73  90  
95  73  90  
96  73  90  
91  74  90  
92  74  90  
93  74  90  
94  74  90  
95  74  90  
96  74  90  
93  75  90  
94  75  90  
93  76  90  
94  76  90  
41  51  91  
42  51  91  
43  51  91  
44  51  91  
45  51  91  
46  51  91  
131  51  91  
132  51  91  
133  51  91  
134  51  91  
41  52  91  
42  52  91  
43  52  91  
44  52  91  
45  52  91  
46  52  91  
131  52  91  
132  52  91  
133  52  91  
134  52  91  
39  53  91  
40  53  91  
41  53  91  
42  53  91  
43  53  91  
44  53  91  
45  53  91  
46  53  91  
131  53  91  
132  53  91  
133  53  91  
134  53  91  
39  54  91  
40  54  91  
41  54  91  
42  54  91  
43  54  91  
44  54  91  
45  54  91  
46  54  91  
131  54  91  
132  54  91  
133  54  91  
134  54  91  
37  55  91  
38  55  91  
39  55  91  
40  55  91  
41  55  91  
42  55  91  
43  55  91  
44  55  91  
45  55  91  
46  55  91  
131  55  91  
132  55  91  
133  55  91  
134  55  91  
135  55  91  
136  55  91  
37  56  91  
38  56  91  
39  56  91  
40  56  91  
41  56  91  
42  56  91  
43  56  91  
44  56  91  
45  56  91  
46  56  91  
131  56  91  
132  56  91  
133  56  91  
134  56  91  
135  56  91  
136  56  91  
37  57  91  
38  57  91  
39  57  91  
40  57  91  
41  57  91  
42  57  91  
43  57  91  
44  57  91  
45  57  91  
46  57  91  
131  57  91  
132  57  91  
133  57  91  
134  57  91  
135  57  91  
136  57  91  
37  58  91  
38  58  91  
39  58  91  
40  58  91  
41  58  91  
42  58  91  
43  58  91  
44  58  91  
45  58  91  
46  58  91  
131  58  91  
132  58  91  
133  58  91  
134  58  91  
135  58  91  
136  58  91  
37  59  91  
38  59  91  
39  59  91  
40  59  91  
41  59  91  
42  59  91  
43  59  91  
44  59  91  
135  59  91  
136  59  91  
37  60  91  
38  60  91  
39  60  91  
40  60  91  
41  60  91  
42  60  91  
43  60  91  
44  60  91  
135  60  91  
136  60  91  
37  61  91  
38  61  91  
39  61  91  
40  61  91  
41  61  91  
42  61  91  
43  61  91  
44  61  91  
37  62  91  
38  62  91  
39  62  91  
40  62  91  
41  62  91  
42  62  91  
43  62  91  
44  62  91  
37  63  91  
38  63  91  
39  63  91  
40  63  91  
41  63  91  
42  63  91  
37  64  91  
38  64  91  
39  64  91  
40  64  91  
41  64  91  
42  64  91  
39  65  91  
40  65  91  
41  65  91  
42  65  91  
39  66  91  
40  66  91  
41  66  91  
42  66  91  
93  67  91  
94  67  91  
93  68  91  
94  68  91  
91  69  91  
92  69  91  
93  69  91  
94  69  91  
95  69  91  
96  69  91  
91  70  91  
92  70  91  
93  70  91  
94  70  91  
95  70  91  
96  70  91  
91  71  91  
92  71  91  
93  71  91  
94  71  91  
95  71  91  
96  71  91  
91  72  91  
92  72  91  
93  72  91  
94  72  91  
95  72  91  
96  72  91  
91  73  91  
92  73  91  
93  73  91  
94  73  91  
95  73  91  
96  73  91  
97  73  91  
98  73  91  
91  74  91  
92  74  91  
93  74  91  
94  74  91  
95  74  91  
96  74  91  
97  74  91  
98  74  91  
91  75  91  
92  75  91  
93  75  91  
94  75  91  
95  75  91  
96  75  91  
91  76  91  
92  76  91  
93  76  91  
94  76  91  
95  76  91  
96  76  91  
91  77  91  
92  77  91  
93  77  91  
94  77  91  
95  77  91  
96  77  91  
91  78  91  
92  78  91  
93  78  91  
94  78  91  
95  78  91  
96  78  91  
33  95  91  
34  95  91  
35  95  91  
36  95  91  
33  96  91  
34  96  91  
35  96  91  
36  96  91  
31  97  91  
32  97  91  
33  97  91  
34  97  91  
35  97  91  
36  97  91  
31  98  91  
32  98  91  
33  98  91  
34  98  91  
35  98  91  
36  98  91  
33  99  91  
34  99  91  
35  99  91  
36  99  91  
33  100  91  
34  100  91  
35  100  91  
36  100  91  
41  51  92  
42  51  92  
43  51  92  
44  51  92  
45  51  92  
46  51  92  
131  51  92  
132  51  92  
133  51  92  
134  51  92  
41  52  92  
42  52  92  
43  52  92  
44  52  92  
45  52  92  
46  52  92  
131  52  92  
132  52  92  
133  52  92  
134  52  92  
39  53  92  
40  53  92  
41  53  92  
42  53  92  
43  53  92  
44  53  92  
45  53  92  
46  53  92  
131  53  92  
132  53  92  
133  53  92  
134  53  92  
39  54  92  
40  54  92  
41  54  92  
42  54  92  
43  54  92  
44  54  92  
45  54  92  
46  54  92  
131  54  92  
132  54  92  
133  54  92  
134  54  92  
37  55  92  
38  55  92  
39  55  92  
40  55  92  
41  55  92  
42  55  92  
43  55  92  
44  55  92  
45  55  92  
46  55  92  
131  55  92  
132  55  92  
133  55  92  
134  55  92  
135  55  92  
136  55  92  
37  56  92  
38  56  92  
39  56  92  
40  56  92  
41  56  92  
42  56  92  
43  56  92  
44  56  92  
45  56  92  
46  56  92  
131  56  92  
132  56  92  
133  56  92  
134  56  92  
135  56  92  
136  56  92  
37  57  92  
38  57  92  
39  57  92  
40  57  92  
41  57  92  
42  57  92  
43  57  92  
44  57  92  
45  57  92  
46  57  92  
131  57  92  
132  57  92  
133  57  92  
134  57  92  
135  57  92  
136  57  92  
37  58  92  
38  58  92  
39  58  92  
40  58  92  
41  58  92  
42  58  92  
43  58  92  
44  58  92  
45  58  92  
46  58  92  
131  58  92  
132  58  92  
133  58  92  
134  58  92  
135  58  92  
136  58  92  
37  59  92  
38  59  92  
39  59  92  
40  59  92  
41  59  92  
42  59  92  
43  59  92  
44  59  92  
135  59  92  
136  59  92  
37  60  92  
38  60  92  
39  60  92  
40  60  92  
41  60  92  
42  60  92  
43  60  92  
44  60  92  
135  60  92  
136  60  92  
37  61  92  
38  61  92  
39  61  92  
40  61  92  
41  61  92  
42  61  92  
43  61  92  
44  61  92  
37  62  92  
38  62  92  
39  62  92  
40  62  92  
41  62  92  
42  62  92  
43  62  92  
44  62  92  
37  63  92  
38  63  92  
39  63  92  
40  63  92  
41  63  92  
42  63  92  
37  64  92  
38  64  92  
39  64  92  
40  64  92  
41  64  92  
42  64  92  
39  65  92  
40  65  92  
41  65  92  
42  65  92  
39  66  92  
40  66  92  
41  66  92  
42  66  92  
93  67  92  
94  67  92  
93  68  92  
94  68  92  
91  69  92  
92  69  92  
93  69  92  
94  69  92  
95  69  92  
96  69  92  
91  70  92  
92  70  92  
93  70  92  
94  70  92  
95  70  92  
96  70  92  
91  71  92  
92  71  92  
93  71  92  
94  71  92  
95  71  92  
96  71  92  
91  72  92  
92  72  92  
93  72  92  
94  72  92  
95  72  92  
96  72  92  
91  73  92  
92  73  92  
93  73  92  
94  73  92  
95  73  92  
96  73  92  
97  73  92  
98  73  92  
91  74  92  
92  74  92  
93  74  92  
94  74  92  
95  74  92  
96  74  92  
97  74  92  
98  74  92  
91  75  92  
92  75  92  
93  75  92  
94  75  92  
95  75  92  
96  75  92  
91  76  92  
92  76  92  
93  76  92  
94  76  92  
95  76  92  
96  76  92  
91  77  92  
92  77  92  
93  77  92  
94  77  92  
95  77  92  
96  77  92  
91  78  92  
92  78  92  
93  78  92  
94  78  92  
95  78  92  
96  78  92  
33  95  92  
34  95  92  
35  95  92  
36  95  92  
33  96  92  
34  96  92  
35  96  92  
36  96  92  
31  97  92  
32  97  92  
33  97  92  
34  97  92  
35  97  92  
36  97  92  
31  98  92  
32  98  92  
33  98  92  
34  98  92  
35  98  92  
36  98  92  
33  99  92  
34  99  92  
35  99  92  
36  99  92  
33  100  92  
34  100  92  
35  100  92  
36  100  92  
131  49  93  
132  49  93  
131  50  93  
132  50  93  
129  51  93  
130  51  93  
131  51  93  
132  51  93  
133  51  93  
134  51  93  
129  52  93  
130  52  93  
131  52  93  
132  52  93  
133  52  93  
134  52  93  
41  53  93  
42  53  93  
43  53  93  
44  53  93  
45  53  93  
46  53  93  
129  53  93  
130  53  93  
131  53  93  
132  53  93  
133  53  93  
134  53  93  
135  53  93  
136  53  93  
41  54  93  
42  54  93  
43  54  93  
44  54  93  
45  54  93  
46  54  93  
129  54  93  
130  54  93  
131  54  93  
132  54  93  
133  54  93  
134  54  93  
135  54  93  
136  54  93  
39  55  93  
40  55  93  
41  55  93  
42  55  93  
43  55  93  
44  55  93  
131  55  93  
132  55  93  
133  55  93  
134  55  93  
135  55  93  
136  55  93  
39  56  93  
40  56  93  
41  56  93  
42  56  93  
43  56  93  
44  56  93  
131  56  93  
132  56  93  
133  56  93  
134  56  93  
135  56  93  
136  56  93  
39  57  93  
40  57  93  
41  57  93  
42  57  93  
43  57  93  
44  57  93  
131  57  93  
132  57  93  
133  57  93  
134  57  93  
135  57  93  
136  57  93  
39  58  93  
40  58  93  
41  58  93  
42  58  93  
43  58  93  
44  58  93  
131  58  93  
132  58  93  
133  58  93  
134  58  93  
135  58  93  
136  58  93  
39  59  93  
40  59  93  
41  59  93  
42  59  93  
133  59  93  
134  59  93  
135  59  93  
136  59  93  
39  60  93  
40  60  93  
41  60  93  
42  60  93  
133  60  93  
134  60  93  
135  60  93  
136  60  93  
39  61  93  
40  61  93  
41  61  93  
42  61  93  
135  61  93  
136  61  93  
39  62  93  
40  62  93  
41  62  93  
42  62  93  
135  62  93  
136  62  93  
39  63  93  
40  63  93  
39  64  93  
40  64  93  
91  67  93  
92  67  93  
93  67  93  
94  67  93  
95  67  93  
96  67  93  
91  68  93  
92  68  93  
93  68  93  
94  68  93  
95  68  93  
96  68  93  
91  69  93  
92  69  93  
93  69  93  
94  69  93  
95  69  93  
96  69  93  
91  70  93  
92  70  93  
93  70  93  
94  70  93  
95  70  93  
96  70  93  
91  71  93  
92  71  93  
93  71  93  
94  71  93  
95  71  93  
96  71  93  
97  71  93  
98  71  93  
91  72  93  
92  72  93  
93  72  93  
94  72  93  
95  72  93  
96  72  93  
97  72  93  
98  72  93  
87  73  93  
88  73  93  
91  73  93  
92  73  93  
93  73  93  
94  73  93  
95  73  93  
96  73  93  
97  73  93  
98  73  93  
87  74  93  
88  74  93  
91  74  93  
92  74  93  
93  74  93  
94  74  93  
95  74  93  
96  74  93  
97  74  93  
98  74  93  
87  75  93  
88  75  93  
91  75  93  
92  75  93  
93  75  93  
94  75  93  
95  75  93  
96  75  93  
97  75  93  
98  75  93  
87  76  93  
88  76  93  
91  76  93  
92  76  93  
93  76  93  
94  76  93  
95  76  93  
96  76  93  
97  76  93  
98  76  93  
87  77  93  
88  77  93  
91  77  93  
92  77  93  
93  77  93  
94  77  93  
95  77  93  
96  77  93  
87  78  93  
88  78  93  
91  78  93  
92  78  93  
93  78  93  
94  78  93  
95  78  93  
96  78  93  
91  79  93  
92  79  93  
93  79  93  
94  79  93  
91  80  93  
92  80  93  
93  80  93  
94  80  93  
31  95  93  
32  95  93  
33  95  93  
34  95  93  
35  95  93  
36  95  93  
31  96  93  
32  96  93  
33  96  93  
34  96  93  
35  96  93  
36  96  93  
31  97  93  
32  97  93  
33  97  93  
34  97  93  
35  97  93  
36  97  93  
37  97  93  
38  97  93  
31  98  93  
32  98  93  
33  98  93  
34  98  93  
35  98  93  
36  98  93  
37  98  93  
38  98  93  
31  99  93  
32  99  93  
33  99  93  
34  99  93  
35  99  93  
36  99  93  
31  100  93  
32  100  93  
33  100  93  
34  100  93  
35  100  93  
36  100  93  
33  101  93  
34  101  93  
35  101  93  
36  101  93  
33  102  93  
34  102  93  
35  102  93  
36  102  93  
131  49  94  
132  49  94  
131  50  94  
132  50  94  
129  51  94  
130  51  94  
131  51  94  
132  51  94  
133  51  94  
134  51  94  
129  52  94  
130  52  94  
131  52  94  
132  52  94  
133  52  94  
134  52  94  
41  53  94  
42  53  94  
43  53  94  
44  53  94  
45  53  94  
46  53  94  
129  53  94  
130  53  94  
131  53  94  
132  53  94  
133  53  94  
134  53  94  
135  53  94  
136  53  94  
41  54  94  
42  54  94  
43  54  94  
44  54  94  
45  54  94  
46  54  94  
129  54  94  
130  54  94  
131  54  94  
132  54  94  
133  54  94  
134  54  94  
135  54  94  
136  54  94  
39  55  94  
40  55  94  
41  55  94  
42  55  94  
43  55  94  
44  55  94  
131  55  94  
132  55  94  
133  55  94  
134  55  94  
135  55  94  
136  55  94  
39  56  94  
40  56  94  
41  56  94  
42  56  94  
43  56  94  
44  56  94  
131  56  94  
132  56  94  
133  56  94  
134  56  94  
135  56  94  
136  56  94  
39  57  94  
40  57  94  
41  57  94  
42  57  94  
43  57  94  
44  57  94  
131  57  94  
132  57  94  
133  57  94  
134  57  94  
135  57  94  
136  57  94  
39  58  94  
40  58  94  
41  58  94  
42  58  94  
43  58  94  
44  58  94  
131  58  94  
132  58  94  
133  58  94  
134  58  94  
135  58  94  
136  58  94  
39  59  94  
40  59  94  
41  59  94  
42  59  94  
133  59  94  
134  59  94  
135  59  94  
136  59  94  
39  60  94  
40  60  94  
41  60  94  
42  60  94  
133  60  94  
134  60  94  
135  60  94  
136  60  94  
39  61  94  
40  61  94  
41  61  94  
42  61  94  
135  61  94  
136  61  94  
39  62  94  
40  62  94  
41  62  94  
42  62  94  
135  62  94  
136  62  94  
39  63  94  
40  63  94  
39  64  94  
40  64  94  
91  67  94  
92  67  94  
93  67  94  
94  67  94  
95  67  94  
96  67  94  
91  68  94  
92  68  94  
93  68  94  
94  68  94  
95  68  94  
96  68  94  
91  69  94  
92  69  94  
93  69  94  
94  69  94  
95  69  94  
96  69  94  
91  70  94  
92  70  94  
93  70  94  
94  70  94  
95  70  94  
96  70  94  
91  71  94  
92  71  94  
93  71  94  
94  71  94  
95  71  94  
96  71  94  
97  71  94  
98  71  94  
91  72  94  
92  72  94  
93  72  94  
94  72  94  
95  72  94  
96  72  94  
97  72  94  
98  72  94  
87  73  94  
88  73  94  
91  73  94  
92  73  94  
93  73  94  
94  73  94  
95  73  94  
96  73  94  
97  73  94  
98  73  94  
87  74  94  
88  74  94  
91  74  94  
92  74  94  
93  74  94  
94  74  94  
95  74  94  
96  74  94  
97  74  94  
98  74  94  
87  75  94  
88  75  94  
91  75  94  
92  75  94  
93  75  94  
94  75  94  
95  75  94  
96  75  94  
97  75  94  
98  75  94  
87  76  94  
88  76  94  
91  76  94  
92  76  94  
93  76  94  
94  76  94  
95  76  94  
96  76  94  
97  76  94  
98  76  94  
87  77  94  
88  77  94  
91  77  94  
92  77  94  
93  77  94  
94  77  94  
95  77  94  
96  77  94  
87  78  94  
88  78  94  
91  78  94  
92  78  94  
93  78  94  
94  78  94  
95  78  94  
96  78  94  
91  79  94  
92  79  94  
93  79  94  
94  79  94  
91  80  94  
92  80  94  
93  80  94  
94  80  94  
31  95  94  
32  95  94  
33  95  94  
34  95  94  
35  95  94  
36  95  94  
31  96  94  
32  96  94  
33  96  94  
34  96  94  
35  96  94  
36  96  94  
31  97  94  
32  97  94  
33  97  94  
34  97  94  
35  97  94  
36  97  94  
37  97  94  
38  97  94  
31  98  94  
32  98  94  
33  98  94  
34  98  94  
35  98  94  
36  98  94  
37  98  94  
38  98  94  
31  99  94  
32  99  94  
33  99  94  
34  99  94  
35  99  94  
36  99  94  
31  100  94  
32  100  94  
33  100  94  
34  100  94  
35  100  94  
36  100  94  
33  101  94  
34  101  94  
35  101  94  
36  101  94  
33  102  94  
34  102  94  
35  102  94  
36  102  94  
131  49  95  
132  49  95  
131  50  95  
132  50  95  
129  51  95  
130  51  95  
131  51  95  
132  51  95  
133  51  95  
134  51  95  
129  52  95  
130  52  95  
131  52  95  
132  52  95  
133  52  95  
134  52  95  
129  53  95  
130  53  95  
131  53  95  
132  53  95  
133  53  95  
134  53  95  
135  53  95  
136  53  95  
129  54  95  
130  54  95  
131  54  95  
132  54  95  
133  54  95  
134  54  95  
135  54  95  
136  54  95  
131  55  95  
132  55  95  
133  55  95  
134  55  95  
135  55  95  
136  55  95  
131  56  95  
132  56  95  
133  56  95  
134  56  95  
135  56  95  
136  56  95  
131  57  95  
132  57  95  
133  57  95  
134  57  95  
135  57  95  
136  57  95  
131  58  95  
132  58  95  
133  58  95  
134  58  95  
135  58  95  
136  58  95  
133  59  95  
134  59  95  
135  59  95  
136  59  95  
137  59  95  
138  59  95  
133  60  95  
134  60  95  
135  60  95  
136  60  95  
137  60  95  
138  60  95  
135  61  95  
136  61  95  
135  62  95  
136  62  95  
91  65  95  
92  65  95  
93  65  95  
94  65  95  
91  66  95  
92  66  95  
93  66  95  
94  66  95  
91  67  95  
92  67  95  
93  67  95  
94  67  95  
95  67  95  
96  67  95  
91  68  95  
92  68  95  
93  68  95  
94  68  95  
95  68  95  
96  68  95  
91  69  95  
92  69  95  
93  69  95  
94  69  95  
95  69  95  
96  69  95  
97  69  95  
98  69  95  
91  70  95  
92  70  95  
93  70  95  
94  70  95  
95  70  95  
96  70  95  
97  70  95  
98  70  95  
87  71  95  
88  71  95  
91  71  95  
92  71  95  
93  71  95  
94  71  95  
95  71  95  
96  71  95  
97  71  95  
98  71  95  
87  72  95  
88  72  95  
91  72  95  
92  72  95  
93  72  95  
94  72  95  
95  72  95  
96  72  95  
97  72  95  
98  72  95  
87  73  95  
88  73  95  
91  73  95  
92  73  95  
93  73  95  
94  73  95  
95  73  95  
96  73  95  
97  73  95  
98  73  95  
87  74  95  
88  74  95  
91  74  95  
92  74  95  
93  74  95  
94  74  95  
95  74  95  
96  74  95  
97  74  95  
98  74  95  
87  75  95  
88  75  95  
91  75  95  
92  75  95  
93  75  95  
94  75  95  
95  75  95  
96  75  95  
97  75  95  
98  75  95  
87  76  95  
88  76  95  
91  76  95  
92  76  95  
93  76  95  
94  76  95  
95  76  95  
96  76  95  
97  76  95  
98  76  95  
87  77  95  
88  77  95  
91  77  95  
92  77  95  
93  77  95  
94  77  95  
95  77  95  
96  77  95  
87  78  95  
88  78  95  
91  78  95  
92  78  95  
93  78  95  
94  78  95  
95  78  95  
96  78  95  
87  79  95  
88  79  95  
91  79  95  
92  79  95  
93  79  95  
94  79  95  
87  80  95  
88  80  95  
91  80  95  
92  80  95  
93  80  95  
94  80  95  
31  95  95  
32  95  95  
33  95  95  
34  95  95  
35  95  95  
36  95  95  
31  96  95  
32  96  95  
33  96  95  
34  96  95  
35  96  95  
36  96  95  
29  97  95  
30  97  95  
31  97  95  
32  97  95  
33  97  95  
34  97  95  
35  97  95  
36  97  95  
37  97  95  
38  97  95  
29  98  95  
30  98  95  
31  98  95  
32  98  95  
33  98  95  
34  98  95  
35  98  95  
36  98  95  
37  98  95  
38  98  95  
29  99  95  
30  99  95  
31  99  95  
32  99  95  
33  99  95  
34  99  95  
35  99  95  
36  99  95  
29  100  95  
30  100  95  
31  100  95  
32  100  95  
33  100  95  
34  100  95  
35  100  95  
36  100  95  
31  101  95  
32  101  95  
33  101  95  
34  101  95  
35  101  95  
36  101  95  
31  102  95  
32  102  95  
33  102  95  
34  102  95  
35  102  95  
36  102  95  
131  49  96  
132  49  96  
131  50  96  
132  50  96  
129  51  96  
130  51  96  
131  51  96  
132  51  96  
133  51  96  
134  51  96  
129  52  96  
130  52  96  
131  52  96  
132  52  96  
133  52  96  
134  52  96  
129  53  96  
130  53  96  
131  53  96  
132  53  96  
133  53  96  
134  53  96  
135  53  96  
136  53  96  
129  54  96  
130  54  96  
131  54  96  
132  54  96  
133  54  96  
134  54  96  
135  54  96  
136  54  96  
131  55  96  
132  55  96  
133  55  96  
134  55  96  
135  55  96  
136  55  96  
131  56  96  
132  56  96  
133  56  96  
134  56  96  
135  56  96  
136  56  96  
131  57  96  
132  57  96  
133  57  96  
134  57  96  
135  57  96  
136  57  96  
131  58  96  
132  58  96  
133  58  96  
134  58  96  
135  58  96  
136  58  96  
133  59  96  
134  59  96  
135  59  96  
136  59  96  
137  59  96  
138  59  96  
133  60  96  
134  60  96  
135  60  96  
136  60  96  
137  60  96  
138  60  96  
135  61  96  
136  61  96  
135  62  96  
136  62  96  
91  65  96  
92  65  96  
93  65  96  
94  65  96  
91  66  96  
92  66  96  
93  66  96  
94  66  96  
91  67  96  
92  67  96  
93  67  96  
94  67  96  
95  67  96  
96  67  96  
91  68  96  
92  68  96  
93  68  96  
94  68  96  
95  68  96  
96  68  96  
91  69  96  
92  69  96  
93  69  96  
94  69  96  
95  69  96  
96  69  96  
97  69  96  
98  69  96  
91  70  96  
92  70  96  
93  70  96  
94  70  96  
95  70  96  
96  70  96  
97  70  96  
98  70  96  
87  71  96  
88  71  96  
91  71  96  
92  71  96  
93  71  96  
94  71  96  
95  71  96  
96  71  96  
97  71  96  
98  71  96  
87  72  96  
88  72  96  
91  72  96  
92  72  96  
93  72  96  
94  72  96  
95  72  96  
96  72  96  
97  72  96  
98  72  96  
87  73  96  
88  73  96  
91  73  96  
92  73  96  
93  73  96  
94  73  96  
95  73  96  
96  73  96  
97  73  96  
98  73  96  
87  74  96  
88  74  96  
91  74  96  
92  74  96  
93  74  96  
94  74  96  
95  74  96  
96  74  96  
97  74  96  
98  74  96  
87  75  96  
88  75  96  
91  75  96  
92  75  96  
93  75  96  
94  75  96  
95  75  96  
96  75  96  
97  75  96  
98  75  96  
87  76  96  
88  76  96  
91  76  96  
92  76  96  
93  76  96  
94  76  96  
95  76  96  
96  76  96  
97  76  96  
98  76  96  
87  77  96  
88  77  96  
91  77  96  
92  77  96  
93  77  96  
94  77  96  
95  77  96  
96  77  96  
87  78  96  
88  78  96  
91  78  96  
92  78  96  
93  78  96  
94  78  96  
95  78  96  
96  78  96  
87  79  96  
88  79  96  
91  79  96  
92  79  96  
93  79  96  
94  79  96  
87  80  96  
88  80  96  
91  80  96  
92  80  96  
93  80  96  
94  80  96  
31  95  96  
32  95  96  
33  95  96  
34  95  96  
35  95  96  
36  95  96  
31  96  96  
32  96  96  
33  96  96  
34  96  96  
35  96  96  
36  96  96  
29  97  96  
30  97  96  
31  97  96  
32  97  96  
33  97  96  
34  97  96  
35  97  96  
36  97  96  
37  97  96  
38  97  96  
29  98  96  
30  98  96  
31  98  96  
32  98  96  
33  98  96  
34  98  96  
35  98  96  
36  98  96  
37  98  96  
38  98  96  
29  99  96  
30  99  96  
31  99  96  
32  99  96  
33  99  96  
34  99  96  
35  99  96  
36  99  96  
29  100  96  
30  100  96  
31  100  96  
32  100  96  
33  100  96  
34  100  96  
35  100  96  
36  100  96  
31  101  96  
32  101  96  
33  101  96  
34  101  96  
35  101  96  
36  101  96  
31  102  96  
32  102  96  
33  102  96  
34  102  96  
35  102  96  
36  102  96  
131  51  97  
132  51  97  
131  52  97  
132  52  97  
131  53  97  
132  53  97  
133  53  97  
134  53  97  
131  54  97  
132  54  97  
133  54  97  
134  54  97  
131  55  97  
132  55  97  
133  55  97  
134  55  97  
131  56  97  
132  56  97  
133  56  97  
134  56  97  
133  57  97  
134  57  97  
135  57  97  
136  57  97  
133  58  97  
134  58  97  
135  58  97  
136  58  97  
135  59  97  
136  59  97  
135  60  97  
136  60  97  
91  65  97  
92  65  97  
93  65  97  
94  65  97  
95  65  97  
96  65  97  
91  66  97  
92  66  97  
93  66  97  
94  66  97  
95  66  97  
96  66  97  
91  67  97  
92  67  97  
93  67  97  
94  67  97  
95  67  97  
96  67  97  
97  67  97  
98  67  97  
91  68  97  
92  68  97  
93  68  97  
94  68  97  
95  68  97  
96  68  97  
97  68  97  
98  68  97  
87  69  97  
88  69  97  
91  69  97  
92  69  97  
93  69  97  
94  69  97  
95  69  97  
96  69  97  
97  69  97  
98  69  97  
87  70  97  
88  70  97  
91  70  97  
92  70  97  
93  70  97  
94  70  97  
95  70  97  
96  70  97  
97  70  97  
98  70  97  
87  71  97  
88  71  97  
91  71  97  
92  71  97  
93  71  97  
94  71  97  
95  71  97  
96  71  97  
97  71  97  
98  71  97  
87  72  97  
88  72  97  
91  72  97  
92  72  97  
93  72  97  
94  72  97  
95  72  97  
96  72  97  
97  72  97  
98  72  97  
87  73  97  
88  73  97  
91  73  97  
92  73  97  
93  73  97  
94  73  97  
95  73  97  
96  73  97  
87  74  97  
88  74  97  
91  74  97  
92  74  97  
93  74  97  
94  74  97  
95  74  97  
96  74  97  
85  75  97  
86  75  97  
87  75  97  
88  75  97  
91  75  97  
92  75  97  
93  75  97  
94  75  97  
95  75  97  
96  75  97  
85  76  97  
86  76  97  
87  76  97  
88  76  97  
91  76  97  
92  76  97  
93  76  97  
94  76  97  
95  76  97  
96  76  97  
87  77  97  
88  77  97  
91  77  97  
92  77  97  
93  77  97  
94  77  97  
95  77  97  
96  77  97  
87  78  97  
88  78  97  
91  78  97  
92  78  97  
93  78  97  
94  78  97  
95  78  97  
96  78  97  
87  79  97  
88  79  97  
91  79  97  
92  79  97  
93  79  97  
94  79  97  
87  80  97  
88  80  97  
91  80  97  
92  80  97  
93  80  97  
94  80  97  
87  81  97  
88  81  97  
91  81  97  
92  81  97  
87  82  97  
88  82  97  
91  82  97  
92  82  97  
31  95  97  
32  95  97  
33  95  97  
34  95  97  
35  95  97  
36  95  97  
31  96  97  
32  96  97  
33  96  97  
34  96  97  
35  96  97  
36  96  97  
29  97  97  
30  97  97  
31  97  97  
32  97  97  
33  97  97  
34  97  97  
35  97  97  
36  97  97  
37  97  97  
38  97  97  
29  98  97  
30  98  97  
31  98  97  
32  98  97  
33  98  97  
34  98  97  
35  98  97  
36  98  97  
37  98  97  
38  98  97  
29  99  97  
30  99  97  
31  99  97  
32  99  97  
33  99  97  
34  99  97  
35  99  97  
36  99  97  
29  100  97  
30  100  97  
31  100  97  
32  100  97  
33  100  97  
34  100  97  
35  100  97  
36  100  97  
31  101  97  
32  101  97  
33  101  97  
34  101  97  
31  102  97  
32  102  97  
33  102  97  
34  102  97  
131  51  98  
132  51  98  
131  52  98  
132  52  98  
131  53  98  
132  53  98  
133  53  98  
134  53  98  
131  54  98  
132  54  98  
133  54  98  
134  54  98  
131  55  98  
132  55  98  
133  55  98  
134  55  98  
131  56  98  
132  56  98  
133  56  98  
134  56  98  
133  57  98  
134  57  98  
135  57  98  
136  57  98  
133  58  98  
134  58  98  
135  58  98  
136  58  98  
135  59  98  
136  59  98  
135  60  98  
136  60  98  
91  65  98  
92  65  98  
93  65  98  
94  65  98  
95  65  98  
96  65  98  
91  66  98  
92  66  98  
93  66  98  
94  66  98  
95  66  98  
96  66  98  
91  67  98  
92  67  98  
93  67  98  
94  67  98  
95  67  98  
96  67  98  
97  67  98  
98  67  98  
91  68  98  
92  68  98  
93  68  98  
94  68  98  
95  68  98  
96  68  98  
97  68  98  
98  68  98  
87  69  98  
88  69  98  
91  69  98  
92  69  98  
93  69  98  
94  69  98  
95  69  98  
96  69  98  
97  69  98  
98  69  98  
87  70  98  
88  70  98  
91  70  98  
92  70  98  
93  70  98  
94  70  98  
95  70  98  
96  70  98  
97  70  98  
98  70  98  
87  71  98  
88  71  98  
91  71  98  
92  71  98  
93  71  98  
94  71  98  
95  71  98  
96  71  98  
97  71  98  
98  71  98  
87  72  98  
88  72  98  
91  72  98  
92  72  98  
93  72  98  
94  72  98  
95  72  98  
96  72  98  
97  72  98  
98  72  98  
87  73  98  
88  73  98  
91  73  98  
92  73  98  
93  73  98  
94  73  98  
95  73  98  
96  73  98  
87  74  98  
88  74  98  
91  74  98  
92  74  98  
93  74  98  
94  74  98  
95  74  98  
96  74  98  
85  75  98  
86  75  98  
87  75  98  
88  75  98  
91  75  98  
92  75  98  
93  75  98  
94  75  98  
95  75  98  
96  75  98  
85  76  98  
86  76  98  
87  76  98  
88  76  98  
91  76  98  
92  76  98  
93  76  98  
94  76  98  
95  76  98  
96  76  98  
87  77  98  
88  77  98  
91  77  98  
92  77  98  
93  77  98  
94  77  98  
95  77  98  
96  77  98  
87  78  98  
88  78  98  
91  78  98  
92  78  98  
93  78  98  
94  78  98  
95  78  98  
96  78  98  
87  79  98  
88  79  98  
91  79  98  
92  79  98  
93  79  98  
94  79  98  
87  80  98  
88  80  98  
91  80  98  
92  80  98  
93  80  98  
94  80  98  
87  81  98  
88  81  98  
91  81  98  
92  81  98  
87  82  98  
88  82  98  
91  82  98  
92  82  98  
31  95  98  
32  95  98  
33  95  98  
34  95  98  
35  95  98  
36  95  98  
31  96  98  
32  96  98  
33  96  98  
34  96  98  
35  96  98  
36  96  98  
29  97  98  
30  97  98  
31  97  98  
32  97  98  
33  97  98  
34  97  98  
35  97  98  
36  97  98  
37  97  98  
38  97  98  
29  98  98  
30  98  98  
31  98  98  
32  98  98  
33  98  98  
34  98  98  
35  98  98  
36  98  98  
37  98  98  
38  98  98  
29  99  98  
30  99  98  
31  99  98  
32  99  98  
33  99  98  
34  99  98  
35  99  98  
36  99  98  
29  100  98  
30  100  98  
31  100  98  
32  100  98  
33  100  98  
34  100  98  
35  100  98  
36  100  98  
31  101  98  
32  101  98  
33  101  98  
34  101  98  
31  102  98  
32  102  98  
33  102  98  
34  102  98  
91  65  99  
92  65  99  
93  65  99  
94  65  99  
91  66  99  
92  66  99  
93  66  99  
94  66  99  
87  67  99  
88  67  99  
91  67  99  
92  67  99  
93  67  99  
94  67  99  
95  67  99  
96  67  99  
87  68  99  
88  68  99  
91  68  99  
92  68  99  
93  68  99  
94  68  99  
95  68  99  
96  68  99  
87  69  99  
88  69  99  
91  69  99  
92  69  99  
93  69  99  
94  69  99  
95  69  99  
96  69  99  
97  69  99  
98  69  99  
87  70  99  
88  70  99  
91  70  99  
92  70  99  
93  70  99  
94  70  99  
95  70  99  
96  70  99  
97  70  99  
98  70  99  
87  71  99  
88  71  99  
91  71  99  
92  71  99  
93  71  99  
94  71  99  
95  71  99  
96  71  99  
87  72  99  
88  72  99  
91  72  99  
92  72  99  
93  72  99  
94  72  99  
95  72  99  
96  72  99  
85  73  99  
86  73  99  
87  73  99  
88  73  99  
91  73  99  
92  73  99  
93  73  99  
94  73  99  
95  73  99  
96  73  99  
85  74  99  
86  74  99  
87  74  99  
88  74  99  
91  74  99  
92  74  99  
93  74  99  
94  74  99  
95  74  99  
96  74  99  
85  75  99  
86  75  99  
87  75  99  
88  75  99  
91  75  99  
92  75  99  
93  75  99  
94  75  99  
95  75  99  
96  75  99  
85  76  99  
86  76  99  
87  76  99  
88  76  99  
91  76  99  
92  76  99  
93  76  99  
94  76  99  
95  76  99  
96  76  99  
87  77  99  
88  77  99  
91  77  99  
92  77  99  
93  77  99  
94  77  99  
87  78  99  
88  78  99  
91  78  99  
92  78  99  
93  78  99  
94  78  99  
87  79  99  
88  79  99  
91  79  99  
92  79  99  
93  79  99  
94  79  99  
87  80  99  
88  80  99  
91  80  99  
92  80  99  
93  80  99  
94  80  99  
87  81  99  
88  81  99  
91  81  99  
92  81  99  
87  82  99  
88  82  99  
91  82  99  
92  82  99  
33  93  99  
34  93  99  
33  94  99  
34  94  99  
31  95  99  
32  95  99  
33  95  99  
34  95  99  
35  95  99  
36  95  99  
31  96  99  
32  96  99  
33  96  99  
34  96  99  
35  96  99  
36  96  99  
29  97  99  
30  97  99  
31  97  99  
32  97  99  
33  97  99  
34  97  99  
35  97  99  
36  97  99  
29  98  99  
30  98  99  
31  98  99  
32  98  99  
33  98  99  
34  98  99  
35  98  99  
36  98  99  
31  99  99  
32  99  99  
33  99  99  
34  99  99  
35  99  99  
36  99  99  
31  100  99  
32  100  99  
33  100  99  
34  100  99  
35  100  99  
36  100  99  
91  65  100  
92  65  100  
93  65  100  
94  65  100  
91  66  100  
92  66  100  
93  66  100  
94  66  100  
87  67  100  
88  67  100  
91  67  100  
92  67  100  
93  67  100  
94  67  100  
95  67  100  
96  67  100  
87  68  100  
88  68  100  
91  68  100  
92  68  100  
93  68  100  
94  68  100  
95  68  100  
96  68  100  
87  69  100  
88  69  100  
91  69  100  
92  69  100  
93  69  100  
94  69  100  
95  69  100  
96  69  100  
97  69  100  
98  69  100  
87  70  100  
88  70  100  
91  70  100  
92  70  100  
93  70  100  
94  70  100  
95  70  100  
96  70  100  
97  70  100  
98  70  100  
87  71  100  
88  71  100  
91  71  100  
92  71  100  
93  71  100  
94  71  100  
95  71  100  
96  71  100  
87  72  100  
88  72  100  
91  72  100  
92  72  100  
93  72  100  
94  72  100  
95  72  100  
96  72  100  
85  73  100  
86  73  100  
87  73  100  
88  73  100  
91  73  100  
92  73  100  
93  73  100  
94  73  100  
95  73  100  
96  73  100  
85  74  100  
86  74  100  
87  74  100  
88  74  100  
91  74  100  
92  74  100  
93  74  100  
94  74  100  
95  74  100  
96  74  100  
85  75  100  
86  75  100  
87  75  100  
88  75  100  
91  75  100  
92  75  100  
93  75  100  
94  75  100  
95  75  100  
96  75  100  
85  76  100  
86  76  100  
87  76  100  
88  76  100  
91  76  100  
92  76  100  
93  76  100  
94  76  100  
95  76  100  
96  76  100  
87  77  100  
88  77  100  
91  77  100  
92  77  100  
93  77  100  
94  77  100  
87  78  100  
88  78  100  
91  78  100  
92  78  100  
93  78  100  
94  78  100  
87  79  100  
88  79  100  
91  79  100  
92  79  100  
93  79  100  
94  79  100  
87  80  100  
88  80  100  
91  80  100  
92  80  100  
93  80  100  
94  80  100  
87  81  100  
88  81  100  
91  81  100  
92  81  100  
87  82  100  
88  82  100  
91  82  100  
92  82  100  
33  93  100  
34  93  100  
33  94  100  
34  94  100  
31  95  100  
32  95  100  
33  95  100  
34  95  100  
35  95  100  
36  95  100  
31  96  100  
32  96  100  
33  96  100  
34  96  100  
35  96  100  
36  96  100  
29  97  100  
30  97  100  
31  97  100  
32  97  100  
33  97  100  
34  97  100  
35  97  100  
36  97  100  
29  98  100  
30  98  100  
31  98  100  
32  98  100  
33  98  100  
34  98  100  
35  98  100  
36  98  100  
31  99  100  
32  99  100  
33  99  100  
34  99  100  
35  99  100  
36  99  100  
31  100  100  
32  100  100  
33  100  100  
34  100  100  
35  100  100  
36  100  100  
91  67  101  
92  67  101  
93  67  101  
94  67  101  
91  68  101  
92  68  101  
93  68  101  
94  68  101  
87  69  101  
88  69  101  
91  69  101  
92  69  101  
93  69  101  
94  69  101  
87  70  101  
88  70  101  
91  70  101  
92  70  101  
93  70  101  
94  70  101  
87  71  101  
88  71  101  
91  71  101  
92  71  101  
93  71  101  
94  71  101  
87  72  101  
88  72  101  
91  72  101  
92  72  101  
93  72  101  
94  72  101  
85  73  101  
86  73  101  
87  73  101  
88  73  101  
91  73  101  
92  73  101  
93  73  101  
94  73  101  
85  74  101  
86  74  101  
87  74  101  
88  74  101  
91  74  101  
92  74  101  
93  74  101  
94  74  101  
87  75  101  
88  75  101  
91  75  101  
92  75  101  
93  75  101  
94  75  101  
87  76  101  
88  76  101  
91  76  101  
92  76  101  
93  76  101  
94  76  101  
87  77  101  
88  77  101  
91  77  101  
92  77  101  
87  78  101  
88  78  101  
91  78  101  
92  78  101  
87  79  101  
88  79  101  
91  79  101  
92  79  101  
87  80  101  
88  80  101  
91  80  101  
92  80  101  
31  93  101  
32  93  101  
33  93  101  
34  93  101  
35  93  101  
36  93  101  
31  94  101  
32  94  101  
33  94  101  
34  94  101  
35  94  101  
36  94  101  
31  95  101  
32  95  101  
33  95  101  
34  95  101  
35  95  101  
36  95  101  
31  96  101  
32  96  101  
33  96  101  
34  96  101  
35  96  101  
36  96  101  
29  97  101  
30  97  101  
31  97  101  
32  97  101  
33  97  101  
34  97  101  
35  97  101  
36  97  101  
29  98  101  
30  98  101  
31  98  101  
32  98  101  
33  98  101  
34  98  101  
35  98  101  
36  98  101  
31  99  101  
32  99  101  
33  99  101  
34  99  101  
31  100  101  
32  100  101  
33  100  101  
34  100  101  
91  67  102  
92  67  102  
93  67  102  
94  67  102  
91  68  102  
92  68  102  
93  68  102  
94  68  102  
87  69  102  
88  69  102  
91  69  102  
92  69  102  
93  69  102  
94  69  102  
87  70  102  
88  70  102  
91  70  102  
92  70  102  
93  70  102  
94  70  102  
87  71  102  
88  71  102  
91  71  102  
92  71  102  
93  71  102  
94  71  102  
87  72  102  
88  72  102  
91  72  102  
92  72  102  
93  72  102  
94  72  102  
85  73  102  
86  73  102  
87  73  102  
88  73  102  
91  73  102  
92  73  102  
93  73  102  
94  73  102  
85  74  102  
86  74  102  
87  74  102  
88  74  102  
91  74  102  
92  74  102  
93  74  102  
94  74  102  
87  75  102  
88  75  102  
91  75  102  
92  75  102  
93  75  102  
94  75  102  
87  76  102  
88  76  102  
91  76  102  
92  76  102  
93  76  102  
94  76  102  
87  77  102  
88  77  102  
91  77  102  
92  77  102  
87  78  102  
88  78  102  
91  78  102  
92  78  102  
87  79  102  
88  79  102  
91  79  102  
92  79  102  
87  80  102  
88  80  102  
91  80  102  
92  80  102  
31  93  102  
32  93  102  
33  93  102  
34  93  102  
35  93  102  
36  93  102  
31  94  102  
32  94  102  
33  94  102  
34  94  102  
35  94  102  
36  94  102  
31  95  102  
32  95  102  
33  95  102  
34  95  102  
35  95  102  
36  95  102  
31  96  102  
32  96  102  
33  96  102  
34  96  102  
35  96  102  
36  96  102  
29  97  102  
30  97  102  
31  97  102  
32  97  102  
33  97  102  
34  97  102  
35  97  102  
36  97  102  
29  98  102  
30  98  102  
31  98  102  
32  98  102  
33  98  102  
34  98  102  
35  98  102  
36  98  102  
31  99  102  
32  99  102  
33  99  102  
34  99  102  
31  100  102  
32  100  102  
33  100  102  
34  100  102  
87  69  103  
88  69  103  
91  69  103  
92  69  103  
87  70  103  
88  70  103  
91  70  103  
92  70  103  
87  71  103  
88  71  103  
91  71  103  
92  71  103  
87  72  103  
88  72  103  
91  72  103  
92  72  103  
87  73  103  
88  73  103  
91  73  103  
92  73  103  
87  74  103  
88  74  103  
91  74  103  
92  74  103  
31  93  103  
32  93  103  
33  93  103  
34  93  103  
35  93  103  
36  93  103  
31  94  103  
32  94  103  
33  94  103  
34  94  103  
35  94  103  
36  94  103  
31  95  103  
32  95  103  
33  95  103  
34  95  103  
35  95  103  
36  95  103  
37  95  103  
38  95  103  
31  96  103  
32  96  103  
33  96  103  
34  96  103  
35  96  103  
36  96  103  
37  96  103  
38  96  103  
31  97  103  
32  97  103  
33  97  103  
34  97  103  
35  97  103  
36  97  103  
31  98  103  
32  98  103  
33  98  103  
34  98  103  
35  98  103  
36  98  103  
31  99  103  
32  99  103  
33  99  103  
34  99  103  
31  100  103  
32  100  103  
33  100  103  
34  100  103  
87  69  104  
88  69  104  
91  69  104  
92  69  104  
87  70  104  
88  70  104  
91  70  104  
92  70  104  
87  71  104  
88  71  104  
91  71  104  
92  71  104  
87  72  104  
88  72  104  
91  72  104  
92  72  104  
87  73  104  
88  73  104  
91  73  104  
92  73  104  
87  74  104  
88  74  104  
91  74  104  
92  74  104  
31  93  104  
32  93  104  
33  93  104  
34  93  104  
35  93  104  
36  93  104  
31  94  104  
32  94  104  
33  94  104  
34  94  104  
35  94  104  
36  94  104  
31  95  104  
32  95  104  
33  95  104  
34  95  104  
35  95  104  
36  95  104  
37  95  104  
38  95  104  
31  96  104  
32  96  104  
33  96  104  
34  96  104  
35  96  104  
36  96  104  
37  96  104  
38  96  104  
31  97  104  
32  97  104  
33  97  104  
34  97  104  
35  97  104  
36  97  104  
31  98  104  
32  98  104  
33  98  104  
34  98  104  
35  98  104  
36  98  104  
31  99  104  
32  99  104  
33  99  104  
34  99  104  
31  100  104  
32  100  104  
33  100  104  
34  100  104  
33  91  105  
34  91  105  
35  91  105  
36  91  105  
33  92  105  
34  92  105  
35  92  105  
36  92  105  
31  93  105  
32  93  105  
33  93  105  
34  93  105  
35  93  105  
36  93  105  
37  93  105  
38  93  105  
31  94  105  
32  94  105  
33  94  105  
34  94  105  
35  94  105  
36  94  105  
37  94  105  
38  94  105  
31  95  105  
32  95  105  
33  95  105  
34  95  105  
35  95  105  
36  95  105  
37  95  105  
38  95  105  
31  96  105  
32  96  105  
33  96  105  
34  96  105  
35  96  105  
36  96  105  
37  96  105  
38  96  105  
31  97  105  
32  97  105  
33  97  105  
34  97  105  
35  97  105  
36  97  105  
31  98  105  
32  98  105  
33  98  105  
34  98  105  
35  98  105  
36  98  105  
33  99  105  
34  99  105  
33  100  105  
34  100  105  
33  91  106  
34  91  106  
35  91  106  
36  91  106  
33  92  106  
34  92  106  
35  92  106  
36  92  106  
31  93  106  
32  93  106  
33  93  106  
34  93  106  
35  93  106  
36  93  106  
37  93  106  
38  93  106  
31  94  106  
32  94  106  
33  94  106  
34  94  106  
35  94  106  
36  94  106  
37  94  106  
38  94  106  
31  95  106  
32  95  106  
33  95  106  
34  95  106  
35  95  106  
36  95  106  
37  95  106  
38  95  106  
31  96  106  
32  96  106  
33  96  106  
34  96  106  
35  96  106  
36  96  106  
37  96  106  
38  96  106  
31  97  106  
32  97  106  
33  97  106  
34  97  106  
35  97  106  
36  97  106  
31  98  106  
32  98  106  
33  98  106  
34  98  106  
35  98  106  
36  98  106  
33  99  106  
34  99  106  
33  100  106  
34  100  106  
31  91  107  
32  91  107  
33  91  107  
34  91  107  
35  91  107  
36  91  107  
31  92  107  
32  92  107  
33  92  107  
34  92  107  
35  92  107  
36  92  107  
31  93  107  
32  93  107  
33  93  107  
34  93  107  
35  93  107  
36  93  107  
37  93  107  
38  93  107  
31  94  107  
32  94  107  
33  94  107  
34  94  107  
35  94  107  
36  94  107  
37  94  107  
38  94  107  
31  95  107  
32  95  107  
33  95  107  
34  95  107  
35  95  107  
36  95  107  
37  95  107  
38  95  107  
31  96  107  
32  96  107  
33  96  107  
34  96  107  
35  96  107  
36  96  107  
37  96  107  
38  96  107  
31  97  107  
32  97  107  
33  97  107  
34  97  107  
35  97  107  
36  97  107  
37  97  107  
38  97  107  
31  98  107  
32  98  107  
33  98  107  
34  98  107  
35  98  107  
36  98  107  
37  98  107  
38  98  107  
33  99  107  
34  99  107  
35  99  107  
36  99  107  
33  100  107  
34  100  107  
35  100  107  
36  100  107  
31  91  108  
32  91  108  
33  91  108  
34  91  108  
35  91  108  
36  91  108  
31  92  108  
32  92  108  
33  92  108  
34  92  108  
35  92  108  
36  92  108  
31  93  108  
32  93  108  
33  93  108  
34  93  108  
35  93  108  
36  93  108  
37  93  108  
38  93  108  
31  94  108  
32  94  108  
33  94  108  
34  94  108  
35  94  108  
36  94  108  
37  94  108  
38  94  108  
31  95  108  
32  95  108  
33  95  108  
34  95  108  
35  95  108  
36  95  108  
37  95  108  
38  95  108  
31  96  108  
32  96  108  
33  96  108  
34  96  108  
35  96  108  
36  96  108  
37  96  108  
38  96  108  
31  97  108  
32  97  108  
33  97  108  
34  97  108  
35  97  108  
36  97  108  
37  97  108  
38  97  108  
31  98  108  
32  98  108  
33  98  108  
34  98  108  
35  98  108  
36  98  108  
37  98  108  
38  98  108  
33  99  108  
34  99  108  
35  99  108  
36  99  108  
33  100  108  
34  100  108  
35  100  108  
36  100  108  
87  67  109  
88  67  109  
91  67  109  
92  67  109  
87  68  109  
88  68  109  
91  68  109  
92  68  109  
87  69  109  
88  69  109  
91  69  109  
92  69  109  
87  70  109  
88  70  109  
91  70  109  
92  70  109  
85  71  109  
86  71  109  
87  71  109  
88  71  109  
85  72  109  
86  72  109  
87  72  109  
88  72  109  
85  73  109  
86  73  109  
87  73  109  
88  73  109  
85  74  109  
86  74  109  
87  74  109  
88  74  109  
85  75  109  
86  75  109  
87  75  109  
88  75  109  
85  76  109  
86  76  109  
87  76  109  
88  76  109  
85  77  109  
86  77  109  
87  77  109  
88  77  109  
85  78  109  
86  78  109  
87  78  109  
88  78  109  
85  79  109  
86  79  109  
87  79  109  
88  79  109  
85  80  109  
86  80  109  
87  80  109  
88  80  109  
85  81  109  
86  81  109  
87  81  109  
88  81  109  
85  82  109  
86  82  109  
87  82  109  
88  82  109  
83  83  109  
84  83  109  
85  83  109  
86  83  109  
87  83  109  
88  83  109  
83  84  109  
84  84  109  
85  84  109  
86  84  109  
87  84  109  
88  84  109  
85  85  109  
86  85  109  
85  86  109  
86  86  109  
31  91  109  
32  91  109  
33  91  109  
34  91  109  
35  91  109  
36  91  109  
31  92  109  
32  92  109  
33  92  109  
34  92  109  
35  92  109  
36  92  109  
31  93  109  
32  93  109  
33  93  109  
34  93  109  
35  93  109  
36  93  109  
31  94  109  
32  94  109  
33  94  109  
34  94  109  
35  94  109  
36  94  109  
31  95  109  
32  95  109  
33  95  109  
34  95  109  
35  95  109  
36  95  109  
31  96  109  
32  96  109  
33  96  109  
34  96  109  
35  96  109  
36  96  109  
31  97  109  
32  97  109  
33  97  109  
34  97  109  
35  97  109  
36  97  109  
31  98  109  
32  98  109  
33  98  109  
34  98  109  
35  98  109  
36  98  109  
87  67  110  
88  67  110  
91  67  110  
92  67  110  
87  68  110  
88  68  110  
91  68  110  
92  68  110  
87  69  110  
88  69  110  
91  69  110  
92  69  110  
87  70  110  
88  70  110  
91  70  110  
92  70  110  
85  71  110  
86  71  110  
87  71  110  
88  71  110  
85  72  110  
86  72  110  
87  72  110  
88  72  110  
85  73  110  
86  73  110  
87  73  110  
88  73  110  
85  74  110  
86  74  110  
87  74  110  
88  74  110  
85  75  110  
86  75  110  
87  75  110  
88  75  110  
85  76  110  
86  76  110  
87  76  110  
88  76  110  
85  77  110  
86  77  110  
87  77  110  
88  77  110  
85  78  110  
86  78  110  
87  78  110  
88  78  110  
85  79  110  
86  79  110  
87  79  110  
88  79  110  
85  80  110  
86  80  110  
87  80  110  
88  80  110  
85  81  110  
86  81  110  
87  81  110  
88  81  110  
85  82  110  
86  82  110  
87  82  110  
88  82  110  
83  83  110  
84  83  110  
85  83  110  
86  83  110  
87  83  110  
88  83  110  
83  84  110  
84  84  110  
85  84  110  
86  84  110  
87  84  110  
88  84  110  
85  85  110  
86  85  110  
85  86  110  
86  86  110  
31  91  110  
32  91  110  
33  91  110  
34  91  110  
35  91  110  
36  91  110  
31  92  110  
32  92  110  
33  92  110  
34  92  110  
35  92  110  
36  92  110  
31  93  110  
32  93  110  
33  93  110  
34  93  110  
35  93  110  
36  93  110  
31  94  110  
32  94  110  
33  94  110  
34  94  110  
35  94  110  
36  94  110  
31  95  110  
32  95  110  
33  95  110  
34  95  110  
35  95  110  
36  95  110  
31  96  110  
32  96  110  
33  96  110  
34  96  110  
35  96  110  
36  96  110  
31  97  110  
32  97  110  
33  97  110  
34  97  110  
35  97  110  
36  97  110  
31  98  110  
32  98  110  
33  98  110  
34  98  110  
35  98  110  
36  98  110  
87  65  111  
88  65  111  
91  65  111  
92  65  111  
93  65  111  
94  65  111  
87  66  111  
88  66  111  
91  66  111  
92  66  111  
93  66  111  
94  66  111  
85  67  111  
86  67  111  
87  67  111  
88  67  111  
91  67  111  
92  67  111  
93  67  111  
94  67  111  
85  68  111  
86  68  111  
87  68  111  
88  68  111  
91  68  111  
92  68  111  
93  68  111  
94  68  111  
85  69  111  
86  69  111  
87  69  111  
88  69  111  
91  69  111  
92  69  111  
93  69  111  
94  69  111  
85  70  111  
86  70  111  
87  70  111  
88  70  111  
91  70  111  
92  70  111  
93  70  111  
94  70  111  
85  71  111  
86  71  111  
87  71  111  
88  71  111  
91  71  111  
92  71  111  
93  71  111  
94  71  111  
85  72  111  
86  72  111  
87  72  111  
88  72  111  
91  72  111  
92  72  111  
93  72  111  
94  72  111  
83  73  111  
84  73  111  
85  73  111  
86  73  111  
87  73  111  
88  73  111  
91  73  111  
92  73  111  
83  74  111  
84  74  111  
85  74  111  
86  74  111  
87  74  111  
88  74  111  
91  74  111  
92  74  111  
83  75  111  
84  75  111  
85  75  111  
86  75  111  
87  75  111  
88  75  111  
83  76  111  
84  76  111  
85  76  111  
86  76  111  
87  76  111  
88  76  111  
83  77  111  
84  77  111  
85  77  111  
86  77  111  
87  77  111  
88  77  111  
83  78  111  
84  78  111  
85  78  111  
86  78  111  
87  78  111  
88  78  111  
83  79  111  
84  79  111  
85  79  111  
86  79  111  
87  79  111  
88  79  111  
83  80  111  
84  80  111  
85  80  111  
86  80  111  
87  80  111  
88  80  111  
83  81  111  
84  81  111  
85  81  111  
86  81  111  
87  81  111  
88  81  111  
83  82  111  
84  82  111  
85  82  111  
86  82  111  
87  82  111  
88  82  111  
83  83  111  
84  83  111  
85  83  111  
86  83  111  
87  83  111  
88  83  111  
83  84  111  
84  84  111  
85  84  111  
86  84  111  
87  84  111  
88  84  111  
83  85  111  
84  85  111  
85  85  111  
86  85  111  
87  85  111  
88  85  111  
83  86  111  
84  86  111  
85  86  111  
86  86  111  
87  86  111  
88  86  111  
85  87  111  
86  87  111  
87  87  111  
88  87  111  
85  88  111  
86  88  111  
87  88  111  
88  88  111  
87  65  112  
88  65  112  
91  65  112  
92  65  112  
93  65  112  
94  65  112  
87  66  112  
88  66  112  
91  66  112  
92  66  112  
93  66  112  
94  66  112  
85  67  112  
86  67  112  
87  67  112  
88  67  112  
91  67  112  
92  67  112  
93  67  112  
94  67  112  
85  68  112  
86  68  112  
87  68  112  
88  68  112  
91  68  112  
92  68  112  
93  68  112  
94  68  112  
85  69  112  
86  69  112  
87  69  112  
88  69  112  
91  69  112  
92  69  112  
93  69  112  
94  69  112  
85  70  112  
86  70  112  
87  70  112  
88  70  112  
91  70  112  
92  70  112  
93  70  112  
94  70  112  
85  71  112  
86  71  112  
87  71  112  
88  71  112  
91  71  112  
92  71  112  
93  71  112  
94  71  112  
85  72  112  
86  72  112  
87  72  112  
88  72  112  
91  72  112  
92  72  112  
93  72  112  
94  72  112  
83  73  112  
84  73  112  
85  73  112  
86  73  112  
87  73  112  
88  73  112  
91  73  112  
92  73  112  
83  74  112  
84  74  112  
85  74  112  
86  74  112  
87  74  112  
88  74  112  
91  74  112  
92  74  112  
83  75  112  
84  75  112  
85  75  112  
86  75  112  
87  75  112  
88  75  112  
83  76  112  
84  76  112  
85  76  112  
86  76  112  
87  76  112  
88  76  112  
83  77  112  
84  77  112  
85  77  112  
86  77  112  
87  77  112  
88  77  112  
83  78  112  
84  78  112  
85  78  112  
86  78  112  
87  78  112  
88  78  112  
83  79  112  
84  79  112  
85  79  112  
86  79  112  
87  79  112  
88  79  112  
83  80  112  
84  80  112  
85  80  112  
86  80  112  
87  80  112  
88  80  112  
83  81  112  
84  81  112  
85  81  112  
86  81  112  
87  81  112  
88  81  112  
83  82  112  
84  82  112  
85  82  112  
86  82  112  
87  82  112  
88  82  112  
83  83  112  
84  83  112  
85  83  112  
86  83  112  
87  83  112  
88  83  112  
83  84  112  
84  84  112  
85  84  112  
86  84  112  
87  84  112  
88  84  112  
83  85  112  
84  85  112  
85  85  112  
86  85  112  
87  85  112  
88  85  112  
83  86  112  
84  86  112  
85  86  112  
86  86  112  
87  86  112  
88  86  112  
85  87  112  
86  87  112  
87  87  112  
88  87  112  
85  88  112  
86  88  112  
87  88  112  
88  88  112  
91  63  113  
92  63  113  
91  64  113  
92  64  113  
87  65  113  
88  65  113  
91  65  113  
92  65  113  
93  65  113  
94  65  113  
87  66  113  
88  66  113  
91  66  113  
92  66  113  
93  66  113  
94  66  113  
85  67  113  
86  67  113  
87  67  113  
88  67  113  
91  67  113  
92  67  113  
93  67  113  
94  67  113  
95  67  113  
96  67  113  
85  68  113  
86  68  113  
87  68  113  
88  68  113  
91  68  113  
92  68  113  
93  68  113  
94  68  113  
95  68  113  
96  68  113  
85  69  113  
86  69  113  
87  69  113  
88  69  113  
91  69  113  
92  69  113  
93  69  113  
94  69  113  
95  69  113  
96  69  113  
85  70  113  
86  70  113  
87  70  113  
88  70  113  
91  70  113  
92  70  113  
93  70  113  
94  70  113  
95  70  113  
96  70  113  
83  71  113  
84  71  113  
85  71  113  
86  71  113  
87  71  113  
88  71  113  
91  71  113  
92  71  113  
93  71  113  
94  71  113  
95  71  113  
96  71  113  
83  72  113  
84  72  113  
85  72  113  
86  72  113  
87  72  113  
88  72  113  
91  72  113  
92  72  113  
93  72  113  
94  72  113  
95  72  113  
96  72  113  
83  73  113  
84  73  113  
85  73  113  
86  73  113  
87  73  113  
88  73  113  
91  73  113  
92  73  113  
83  74  113  
84  74  113  
85  74  113  
86  74  113  
87  74  113  
88  74  113  
91  74  113  
92  74  113  
83  75  113  
84  75  113  
85  75  113  
86  75  113  
87  75  113  
88  75  113  
83  76  113  
84  76  113  
85  76  113  
86  76  113  
87  76  113  
88  76  113  
83  77  113  
84  77  113  
85  77  113  
86  77  113  
87  77  113  
88  77  113  
83  78  113  
84  78  113  
85  78  113  
86  78  113  
87  78  113  
88  78  113  
83  79  113  
84  79  113  
85  79  113  
86  79  113  
87  79  113  
88  79  113  
83  80  113  
84  80  113  
85  80  113  
86  80  113  
87  80  113  
88  80  113  
83  81  113  
84  81  113  
85  81  113  
86  81  113  
87  81  113  
88  81  113  
83  82  113  
84  82  113  
85  82  113  
86  82  113  
87  82  113  
88  82  113  
83  83  113  
84  83  113  
85  83  113  
86  83  113  
87  83  113  
88  83  113  
83  84  113  
84  84  113  
85  84  113  
86  84  113  
87  84  113  
88  84  113  
83  85  113  
84  85  113  
85  85  113  
86  85  113  
87  85  113  
88  85  113  
83  86  113  
84  86  113  
85  86  113  
86  86  113  
87  86  113  
88  86  113  
85  87  113  
86  87  113  
87  87  113  
88  87  113  
85  88  113  
86  88  113  
87  88  113  
88  88  113  
91  63  114  
92  63  114  
91  64  114  
92  64  114  
87  65  114  
88  65  114  
91  65  114  
92  65  114  
93  65  114  
94  65  114  
87  66  114  
88  66  114  
91  66  114  
92  66  114  
93  66  114  
94  66  114  
85  67  114  
86  67  114  
87  67  114  
88  67  114  
91  67  114  
92  67  114  
93  67  114  
94  67  114  
95  67  114  
96  67  114  
85  68  114  
86  68  114  
87  68  114  
88  68  114  
91  68  114  
92  68  114  
93  68  114  
94  68  114  
95  68  114  
96  68  114  
85  69  114  
86  69  114  
87  69  114  
88  69  114  
91  69  114  
92  69  114  
93  69  114  
94  69  114  
95  69  114  
96  69  114  
85  70  114  
86  70  114  
87  70  114  
88  70  114  
91  70  114  
92  70  114  
93  70  114  
94  70  114  
95  70  114  
96  70  114  
83  71  114  
84  71  114  
85  71  114  
86  71  114  
87  71  114  
88  71  114  
91  71  114  
92  71  114  
93  71  114  
94  71  114  
95  71  114  
96  71  114  
83  72  114  
84  72  114  
85  72  114  
86  72  114  
87  72  114  
88  72  114  
91  72  114  
92  72  114  
93  72  114  
94  72  114  
95  72  114  
96  72  114  
83  73  114  
84  73  114  
85  73  114  
86  73  114  
87  73  114  
88  73  114  
91  73  114  
92  73  114  
83  74  114  
84  74  114  
85  74  114  
86  74  114  
87  74  114  
88  74  114  
91  74  114  
92  74  114  
83  75  114  
84  75  114  
85  75  114  
86  75  114  
87  75  114  
88  75  114  
83  76  114  
84  76  114  
85  76  114  
86  76  114  
87  76  114  
88  76  114  
83  77  114  
84  77  114  
85  77  114  
86  77  114  
87  77  114  
88  77  114  
83  78  114  
84  78  114  
85  78  114  
86  78  114  
87  78  114  
88  78  114  
83  79  114  
84  79  114  
85  79  114  
86  79  114  
87  79  114  
88  79  114  
83  80  114  
84  80  114  
85  80  114  
86  80  114  
87  80  114  
88  80  114  
83  81  114  
84  81  114  
85  81  114  
86  81  114  
87  81  114  
88  81  114  
83  82  114  
84  82  114  
85  82  114  
86  82  114  
87  82  114  
88  82  114  
83  83  114  
84  83  114  
85  83  114  
86  83  114  
87  83  114  
88  83  114  
83  84  114  
84  84  114  
85  84  114  
86  84  114  
87  84  114  
88  84  114  
83  85  114  
84  85  114  
85  85  114  
86  85  114  
87  85  114  
88  85  114  
83  86  114  
84  86  114  
85  86  114  
86  86  114  
87  86  114  
88  86  114  
85  87  114  
86  87  114  
87  87  114  
88  87  114  
85  88  114  
86  88  114  
87  88  114  
88  88  114  
91  63  115  
92  63  115  
91  64  115  
92  64  115  
87  65  115  
88  65  115  
91  65  115  
92  65  115  
93  65  115  
94  65  115  
95  65  115  
96  65  115  
87  66  115  
88  66  115  
91  66  115  
92  66  115  
93  66  115  
94  66  115  
95  66  115  
96  66  115  
85  67  115  
86  67  115  
87  67  115  
88  67  115  
91  67  115  
92  67  115  
93  67  115  
94  67  115  
95  67  115  
96  67  115  
85  68  115  
86  68  115  
87  68  115  
88  68  115  
91  68  115  
92  68  115  
93  68  115  
94  68  115  
95  68  115  
96  68  115  
85  69  115  
86  69  115  
87  69  115  
88  69  115  
91  69  115  
92  69  115  
93  69  115  
94  69  115  
95  69  115  
96  69  115  
85  70  115  
86  70  115  
87  70  115  
88  70  115  
91  70  115  
92  70  115  
93  70  115  
94  70  115  
95  70  115  
96  70  115  
83  71  115  
84  71  115  
85  71  115  
86  71  115  
87  71  115  
88  71  115  
91  71  115  
92  71  115  
93  71  115  
94  71  115  
95  71  115  
96  71  115  
83  72  115  
84  72  115  
85  72  115  
86  72  115  
87  72  115  
88  72  115  
91  72  115  
92  72  115  
93  72  115  
94  72  115  
95  72  115  
96  72  115  
83  73  115  
84  73  115  
85  73  115  
86  73  115  
87  73  115  
88  73  115  
91  73  115  
92  73  115  
93  73  115  
94  73  115  
83  74  115  
84  74  115  
85  74  115  
86  74  115  
87  74  115  
88  74  115  
91  74  115  
92  74  115  
93  74  115  
94  74  115  
81  75  115  
82  75  115  
83  75  115  
84  75  115  
85  75  115  
86  75  115  
87  75  115  
88  75  115  
81  76  115  
82  76  115  
83  76  115  
84  76  115  
85  76  115  
86  76  115  
87  76  115  
88  76  115  
83  77  115  
84  77  115  
85  77  115  
86  77  115  
87  77  115  
88  77  115  
83  78  115  
84  78  115  
85  78  115  
86  78  115  
87  78  115  
88  78  115  
83  79  115  
84  79  115  
85  79  115  
86  79  115  
87  79  115  
88  79  115  
83  80  115  
84  80  115  
85  80  115  
86  80  115  
87  80  115  
88  80  115  
83  81  115  
84  81  115  
85  81  115  
86  81  115  
87  81  115  
88  81  115  
83  82  115  
84  82  115  
85  82  115  
86  82  115  
87  82  115  
88  82  115  
83  83  115  
84  83  115  
85  83  115  
86  83  115  
87  83  115  
88  83  115  
83  84  115  
84  84  115  
85  84  115  
86  84  115  
87  84  115  
88  84  115  
85  85  115  
86  85  115  
87  85  115  
88  85  115  
85  86  115  
86  86  115  
87  86  115  
88  86  115  
87  87  115  
88  87  115  
87  88  115  
88  88  115  
91  63  116  
92  63  116  
91  64  116  
92  64  116  
87  65  116  
88  65  116  
91  65  116  
92  65  116  
93  65  116  
94  65  116  
95  65  116  
96  65  116  
87  66  116  
88  66  116  
91  66  116  
92  66  116  
93  66  116  
94  66  116  
95  66  116  
96  66  116  
85  67  116  
86  67  116  
87  67  116  
88  67  116  
91  67  116  
92  67  116  
93  67  116  
94  67  116  
95  67  116  
96  67  116  
85  68  116  
86  68  116  
87  68  116  
88  68  116  
91  68  116  
92  68  116  
93  68  116  
94  68  116  
95  68  116  
96  68  116  
85  69  116  
86  69  116  
87  69  116  
88  69  116  
91  69  116  
92  69  116  
93  69  116  
94  69  116  
95  69  116  
96  69  116  
85  70  116  
86  70  116  
87  70  116  
88  70  116  
91  70  116  
92  70  116  
93  70  116  
94  70  116  
95  70  116  
96  70  116  
83  71  116  
84  71  116  
85  71  116  
86  71  116  
87  71  116  
88  71  116  
91  71  116  
92  71  116  
93  71  116  
94  71  116  
95  71  116  
96  71  116  
83  72  116  
84  72  116  
85  72  116  
86  72  116  
87  72  116  
88  72  116  
91  72  116  
92  72  116  
93  72  116  
94  72  116  
95  72  116  
96  72  116  
83  73  116  
84  73  116  
85  73  116  
86  73  116  
87  73  116  
88  73  116  
91  73  116  
92  73  116  
93  73  116  
94  73  116  
83  74  116  
84  74  116  
85  74  116  
86  74  116  
87  74  116  
88  74  116  
91  74  116  
92  74  116  
93  74  116  
94  74  116  
81  75  116  
82  75  116  
83  75  116  
84  75  116  
85  75  116  
86  75  116  
87  75  116  
88  75  116  
81  76  116  
82  76  116  
83  76  116  
84  76  116  
85  76  116  
86  76  116  
87  76  116  
88  76  116  
83  77  116  
84  77  116  
85  77  116  
86  77  116  
87  77  116  
88  77  116  
83  78  116  
84  78  116  
85  78  116  
86  78  116  
87  78  116  
88  78  116  
83  79  116  
84  79  116  
85  79  116  
86  79  116  
87  79  116  
88  79  116  
83  80  116  
84  80  116  
85  80  116  
86  80  116  
87  80  116  
88  80  116  
83  81  116  
84  81  116  
85  81  116  
86  81  116  
87  81  116  
88  81  116  
83  82  116  
84  82  116  
85  82  116  
86  82  116  
87  82  116  
88  82  116  
83  83  116  
84  83  116  
85  83  116  
86  83  116  
87  83  116  
88  83  116  
83  84  116  
84  84  116  
85  84  116  
86  84  116  
87  84  116  
88  84  116  
85  85  116  
86  85  116  
87  85  116  
88  85  116  
85  86  116  
86  86  116  
87  86  116  
88  86  116  
87  87  116  
88  87  116  
87  88  116  
88  88  116  
91  63  117  
92  63  117  
93  63  117  
94  63  117  
91  64  117  
92  64  117  
93  64  117  
94  64  117  
87  65  117  
88  65  117  
91  65  117  
92  65  117  
93  65  117  
94  65  117  
95  65  117  
96  65  117  
87  66  117  
88  66  117  
91  66  117  
92  66  117  
93  66  117  
94  66  117  
95  66  117  
96  66  117  
87  67  117  
88  67  117  
91  67  117  
92  67  117  
93  67  117  
94  67  117  
95  67  117  
96  67  117  
87  68  117  
88  68  117  
91  68  117  
92  68  117  
93  68  117  
94  68  117  
95  68  117  
96  68  117  
85  69  117  
86  69  117  
87  69  117  
88  69  117  
91  69  117  
92  69  117  
93  69  117  
94  69  117  
95  69  117  
96  69  117  
85  70  117  
86  70  117  
87  70  117  
88  70  117  
91  70  117  
92  70  117  
93  70  117  
94  70  117  
95  70  117  
96  70  117  
83  71  117  
84  71  117  
85  71  117  
86  71  117  
87  71  117  
88  71  117  
91  71  117  
92  71  117  
93  71  117  
94  71  117  
95  71  117  
96  71  117  
83  72  117  
84  72  117  
85  72  117  
86  72  117  
87  72  117  
88  72  117  
91  72  117  
92  72  117  
93  72  117  
94  72  117  
95  72  117  
96  72  117  
83  73  117  
84  73  117  
85  73  117  
86  73  117  
87  73  117  
88  73  117  
91  73  117  
92  73  117  
93  73  117  
94  73  117  
83  74  117  
84  74  117  
85  74  117  
86  74  117  
87  74  117  
88  74  117  
91  74  117  
92  74  117  
93  74  117  
94  74  117  
83  75  117  
84  75  117  
85  75  117  
86  75  117  
87  75  117  
88  75  117  
83  76  117  
84  76  117  
85  76  117  
86  76  117  
87  76  117  
88  76  117  
85  77  117  
86  77  117  
87  77  117  
88  77  117  
85  78  117  
86  78  117  
87  78  117  
88  78  117  
91  63  118  
92  63  118  
93  63  118  
94  63  118  
91  64  118  
92  64  118  
93  64  118  
94  64  118  
87  65  118  
88  65  118  
91  65  118  
92  65  118  
93  65  118  
94  65  118  
95  65  118  
96  65  118  
87  66  118  
88  66  118  
91  66  118  
92  66  118  
93  66  118  
94  66  118  
95  66  118  
96  66  118  
87  67  118  
88  67  118  
91  67  118  
92  67  118  
93  67  118  
94  67  118  
95  67  118  
96  67  118  
87  68  118  
88  68  118  
91  68  118  
92  68  118  
93  68  118  
94  68  118  
95  68  118  
96  68  118  
85  69  118  
86  69  118  
87  69  118  
88  69  118  
91  69  118  
92  69  118  
93  69  118  
94  69  118  
95  69  118  
96  69  118  
85  70  118  
86  70  118  
87  70  118  
88  70  118  
91  70  118  
92  70  118  
93  70  118  
94  70  118  
95  70  118  
96  70  118  
83  71  118  
84  71  118  
85  71  118  
86  71  118  
87  71  118  
88  71  118  
91  71  118  
92  71  118  
93  71  118  
94  71  118  
95  71  118  
96  71  118  
83  72  118  
84  72  118  
85  72  118  
86  72  118  
87  72  118  
88  72  118  
91  72  118  
92  72  118  
93  72  118  
94  72  118  
95  72  118  
96  72  118  
83  73  118  
84  73  118  
85  73  118  
86  73  118  
87  73  118  
88  73  118  
91  73  118  
92  73  118  
93  73  118  
94  73  118  
83  74  118  
84  74  118  
85  74  118  
86  74  118  
87  74  118  
88  74  118  
91  74  118  
92  74  118  
93  74  118  
94  74  118  
83  75  118  
84  75  118  
85  75  118  
86  75  118  
87  75  118  
88  75  118  
83  76  118  
84  76  118  
85  76  118  
86  76  118  
87  76  118  
88  76  118  
85  77  118  
86  77  118  
87  77  118  
88  77  118  
85  78  118  
86  78  118  
87  78  118  
88  78  118  
91  61  119  
92  61  119  
93  61  119  
94  61  119  
91  62  119  
92  62  119  
93  62  119  
94  62  119  
91  63  119  
92  63  119  
93  63  119  
94  63  119  
95  63  119  
96  63  119  
91  64  119  
92  64  119  
93  64  119  
94  64  119  
95  64  119  
96  64  119  
87  65  119  
88  65  119  
91  65  119  
92  65  119  
93  65  119  
94  65  119  
95  65  119  
96  65  119  
87  66  119  
88  66  119  
91  66  119  
92  66  119  
93  66  119  
94  66  119  
95  66  119  
96  66  119  
87  67  119  
88  67  119  
91  67  119  
92  67  119  
93  67  119  
94  67  119  
95  67  119  
96  67  119  
87  68  119  
88  68  119  
91  68  119  
92  68  119  
93  68  119  
94  68  119  
95  68  119  
96  68  119  
87  69  119  
88  69  119  
91  69  119  
92  69  119  
93  69  119  
94  69  119  
95  69  119  
96  69  119  
87  70  119  
88  70  119  
91  70  119  
92  70  119  
93  70  119  
94  70  119  
95  70  119  
96  70  119  
87  71  119  
88  71  119  
91  71  119  
92  71  119  
93  71  119  
94  71  119  
87  72  119  
88  72  119  
91  72  119  
92  72  119  
93  72  119  
94  72  119  
87  73  119  
88  73  119  
91  73  119  
92  73  119  
87  74  119  
88  74  119  
91  74  119  
92  74  119  
91  61  120  
92  61  120  
93  61  120  
94  61  120  
91  62  120  
92  62  120  
93  62  120  
94  62  120  
91  63  120  
92  63  120  
93  63  120  
94  63  120  
95  63  120  
96  63  120  
91  64  120  
92  64  120  
93  64  120  
94  64  120  
95  64  120  
96  64  120  
87  65  120  
88  65  120  
91  65  120  
92  65  120  
93  65  120  
94  65  120  
95  65  120  
96  65  120  
87  66  120  
88  66  120  
91  66  120  
92  66  120  
93  66  120  
94  66  120  
95  66  120  
96  66  120  
87  67  120  
88  67  120  
91  67  120  
92  67  120  
93  67  120  
94  67  120  
95  67  120  
96  67  120  
87  68  120  
88  68  120  
91  68  120  
92  68  120  
93  68  120  
94  68  120  
95  68  120  
96  68  120  
87  69  120  
88  69  120  
91  69  120  
92  69  120  
93  69  120  
94  69  120  
95  69  120  
96  69  120  
87  70  120  
88  70  120  
91  70  120  
92  70  120  
93  70  120  
94  70  120  
95  70  120  
96  70  120  
87  71  120  
88  71  120  
91  71  120  
92  71  120  
93  71  120  
94  71  120  
87  72  120  
88  72  120  
91  72  120  
92  72  120  
93  72  120  
94  72  120  
87  73  120  
88  73  120  
91  73  120  
92  73  120  
87  74  120  
88  74  120  
91  74  120  
92  74  120  
91  61  121  
92  61  121  
93  61  121  
94  61  121  
95  61  121  
96  61  121  
91  62  121  
92  62  121  
93  62  121  
94  62  121  
95  62  121  
96  62  121  
91  63  121  
92  63  121  
93  63  121  
94  63  121  
95  63  121  
96  63  121  
91  64  121  
92  64  121  
93  64  121  
94  64  121  
95  64  121  
96  64  121  
87  65  121  
88  65  121  
91  65  121  
92  65  121  
93  65  121  
94  65  121  
95  65  121  
96  65  121  
87  66  121  
88  66  121  
91  66  121  
92  66  121  
93  66  121  
94  66  121  
95  66  121  
96  66  121  
87  67  121  
88  67  121  
91  67  121  
92  67  121  
93  67  121  
94  67  121  
95  67  121  
96  67  121  
87  68  121  
88  68  121  
91  68  121  
92  68  121  
93  68  121  
94  68  121  
95  68  121  
96  68  121  
87  69  121  
88  69  121  
91  69  121  
92  69  121  
93  69  121  
94  69  121  
95  69  121  
96  69  121  
87  70  121  
88  70  121  
91  70  121  
92  70  121  
93  70  121  
94  70  121  
95  70  121  
96  70  121  
91  71  121  
92  71  121  
93  71  121  
94  71  121  
91  72  121  
92  72  121  
93  72  121  
94  72  121  
91  61  122  
92  61  122  
93  61  122  
94  61  122  
95  61  122  
96  61  122  
91  62  122  
92  62  122  
93  62  122  
94  62  122  
95  62  122  
96  62  122  
91  63  122  
92  63  122  
93  63  122  
94  63  122  
95  63  122  
96  63  122  
91  64  122  
92  64  122  
93  64  122  
94  64  122  
95  64  122  
96  64  122  
87  65  122  
88  65  122  
91  65  122  
92  65  122  
93  65  122  
94  65  122  
95  65  122  
96  65  122  
87  66  122  
88  66  122  
91  66  122  
92  66  122  
93  66  122  
94  66  122  
95  66  122  
96  66  122  
87  67  122  
88  67  122  
91  67  122  
92  67  122  
93  67  122  
94  67  122  
95  67  122  
96  67  122  
87  68  122  
88  68  122  
91  68  122  
92  68  122  
93  68  122  
94  68  122  
95  68  122  
96  68  122  
87  69  122  
88  69  122  
91  69  122  
92  69  122  
93  69  122  
94  69  122  
95  69  122  
96  69  122  
87  70  122  
88  70  122  
91  70  122  
92  70  122  
93  70  122  
94  70  122  
95  70  122  
96  70  122  
91  71  122  
92  71  122  
93  71  122  
94  71  122  
91  72  122  
92  72  122  
93  72  122  
94  72  122  
91  61  123  
92  61  123  
93  61  123  
94  61  123  
95  61  123  
96  61  123  
91  62  123  
92  62  123  
93  62  123  
94  62  123  
95  62  123  
96  62  123  
91  63  123  
92  63  123  
93  63  123  
94  63  123  
95  63  123  
96  63  123  
91  64  123  
92  64  123  
93  64  123  
94  64  123  
95  64  123  
96  64  123  
91  65  123  
92  65  123  
93  65  123  
94  65  123  
95  65  123  
96  65  123  
91  66  123  
92  66  123  
93  66  123  
94  66  123  
95  66  123  
96  66  123  
91  67  123  
92  67  123  
93  67  123  
94  67  123  
95  67  123  
96  67  123  
91  68  123  
92  68  123  
93  68  123  
94  68  123  
95  68  123  
96  68  123  
91  69  123  
92  69  123  
93  69  123  
94  69  123  
91  70  123  
92  70  123  
93  70  123  
94  70  123  
91  61  124  
92  61  124  
93  61  124  
94  61  124  
95  61  124  
96  61  124  
91  62  124  
92  62  124  
93  62  124  
94  62  124  
95  62  124  
96  62  124  
91  63  124  
92  63  124  
93  63  124  
94  63  124  
95  63  124  
96  63  124  
91  64  124  
92  64  124  
93  64  124  
94  64  124  
95  64  124  
96  64  124  
91  65  124  
92  65  124  
93  65  124  
94  65  124  
95  65  124  
96  65  124  
91  66  124  
92  66  124  
93  66  124  
94  66  124  
95  66  124  
96  66  124  
91  67  124  
92  67  124  
93  67  124  
94  67  124  
95  67  124  
96  67  124  
91  68  124  
92  68  124  
93  68  124  
94  68  124  
95  68  124  
96  68  124  
91  69  124  
92  69  124  
93  69  124  
94  69  124  
91  70  124  
92  70  124  
93  70  124  
94  70  124  
91  63  125  
92  63  125  
93  63  125  
94  63  125  
95  63  125  
96  63  125  
91  64  125  
92  64  125  
93  64  125  
94  64  125  
95  64  125  
96  64  125  
91  65  125  
92  65  125  
93  65  125  
94  65  125  
95  65  125  
96  65  125  
91  66  125  
92  66  125  
93  66  125  
94  66  125  
95  66  125  
96  66  125  
91  67  125  
92  67  125  
93  67  125  
94  67  125  
91  68  125  
92  68  125  
93  68  125  
94  68  125  
91  63  126  
92  63  126  
93  63  126  
94  63  126  
95  63  126  
96  63  126  
91  64  126  
92  64  126  
93  64  126  
94  64  126  
95  64  126  
96  64  126  
91  65  126  
92  65  126  
93  65  126  
94  65  126  
95  65  126  
96  65  126  
91  66  126  
92  66  126  
93  66  126  
94  66  126  
95  66  126  
96  66  126  
91  67  126  
92  67  126  
93  67  126  
94  67  126  
91  68  126  
92  68  126  
93  68  126  
94  68  126  
