33  95  91  0  1  
34  95  91  0  2  
35  95  91  0  3  
36  95  91  0  4  
33  96  91  0  5  
34  96  91  0  6  
35  96  91  0  7  
36  96  91  0  8  
31  97  91  0  9  
32  97  91  0  10  
33  97  91  0  11  
34  97  91  0  12  
35  97  91  0  13  
36  97  91  0  14  
31  98  91  0  15  
32  98  91  0  16  
33  98  91  0  17  
34  98  91  0  18  
35  98  91  0  19  
36  98  91  0  20  
33  99  91  0  21  
34  99  91  0  22  
35  99  91  0  23  
36  99  91  0  24  
33  100  91  0  25  
34  100  91  0  26  
35  100  91  0  27  
36  100  91  0  28  
33  95  92  0  29  
34  95  92  0  30  
35  95  92  0  31  
36  95  92  0  32  
33  96  92  0  33  
34  96  92  0  34  
35  96  92  0  35  
36  96  92  0  36  
31  97  92  0  37  
32  97  92  0  38  
33  97  92  0  39  
34  97  92  0  40  
35  97  92  0  41  
36  97  92  0  42  
31  98  92  0  43  
32  98  92  0  44  
33  98  92  0  45  
34  98  92  0  46  
35  98  92  0  47  
36  98  92  0  48  
33  99  92  0  49  
34  99  92  0  50  
35  99  92  0  51  
36  99  92  0  52  
33  100  92  0  53  
34  100  92  0  54  
35  100  92  0  55  
36  100  92  0  56  
31  95  93  0  57  
32  95  93  0  58  
33  95  93  0  59  
34  95  93  0  60  
35  95  93  0  61  
36  95  93  0  62  
31  96  93  0  63  
32  96  93  0  64  
33  96  93  0  65  
34  96  93  0  66  
35  96  93  0  67  
36  96  93  0  68  
31  97  93  0  69  
32  97  93  0  70  
33  97  93  0  71  
34  97  93  0  72  
35  97  93  0  73  
36  97  93  0  74  
37  97  93  0  75  
38  97  93  0  76  
31  98  93  0  77  
32  98  93  0  78  
33  98  93  0  79  
34  98  93  0  80  
35  98  93  0  81  
36  98  93  0  82  
37  98  93  0  83  
38  98  93  0  84  
31  99  93  0  85  
32  99  93  0  86  
33  99  93  0  87  
34  99  93  0  88  
35  99  93  0  89  
36  99  93  0  90  
31  100  93  0  91  
32  100  93  0  92  
33  100  93  0  93  
34  100  93  0  94  
35  100  93  0  95  
36  100  93  0  96  
33  101  93  0  97  
34  101  93  0  98  
35  101  93  0  99  
36  101  93  0  100  
33  102  93  0  101  
34  102  93  0  102  
35  102  93  0  103  
36  102  93  0  104  
31  95  94  0  105  
32  95  94  0  106  
33  95  94  0  107  
34  95  94  0  108  
35  95  94  0  109  
36  95  94  0  110  
31  96  94  0  111  
32  96  94  0  112  
33  96  94  0  113  
34  96  94  0  114  
35  96  94  0  115  
36  96  94  0  116  
31  97  94  0  117  
32  97  94  0  118  
33  97  94  0  119  
34  97  94  0  120  
35  97  94  0  121  
36  97  94  0  122  
37  97  94  0  123  
38  97  94  0  124  
31  98  94  0  125  
32  98  94  0  126  
33  98  94  0  127  
34  98  94  0  128  
35  98  94  0  129  
36  98  94  0  130  
37  98  94  0  131  
38  98  94  0  132  
31  99  94  0  133  
32  99  94  0  134  
33  99  94  0  135  
34  99  94  0  136  
35  99  94  0  137  
36  99  94  0  138  
31  100  94  0  139  
32  100  94  0  140  
33  100  94  0  141  
34  100  94  0  142  
35  100  94  0  143  
36  100  94  0  144  
33  101  94  0  145  
34  101  94  0  146  
35  101  94  0  147  
36  101  94  0  148  
33  102  94  0  149  
34  102  94  0  150  
35  102  94  0  151  
36  102  94  0  152  
31  95  95  0  153  
32  95  95  0  154  
33  95  95  0  155  
34  95  95  0  156  
35  95  95  0  157  
36  95  95  0  158  
31  96  95  0  159  
32  96  95  0  160  
33  96  95  0  161  
34  96  95  0  162  
35  96  95  0  163  
36  96  95  0  164  
29  97  95  0  165  
30  97  95  0  166  
31  97  95  0  167  
32  97  95  0  168  
33  97  95  0  169  
34  97  95  0  170  
35  97  95  0  171  
36  97  95  0  172  
37  97  95  0  173  
38  97  95  0  174  
29  98  95  0  175  
30  98  95  0  176  
31  98  95  0  177  
32  98  95  0  178  
33  98  95  0  179  
34  98  95  0  180  
35  98  95  0  181  
36  98  95  0  182  
37  98  95  0  183  
38  98  95  0  184  
29  99  95  0  185  
30  99  95  0  186  
31  99  95  0  187  
32  99  95  0  188  
33  99  95  0  189  
34  99  95  0  190  
35  99  95  0  191  
36  99  95  0  192  
29  100  95  0  193  
30  100  95  0  194  
31  100  95  0  195  
32  100  95  0  196  
33  100  95  0  197  
34  100  95  0  198  
35  100  95  0  199  
36  100  95  0  200  
31  101  95  0  201  
32  101  95  0  202  
33  101  95  0  203  
34  101  95  0  204  
35  101  95  0  205  
36  101  95  0  206  
31  102  95  0  207  
32  102  95  0  208  
33  102  95  0  209  
34  102  95  0  210  
35  102  95  0  211  
36  102  95  0  212  
31  95  96  0  213  
32  95  96  0  214  
33  95  96  0  215  
34  95  96  0  216  
35  95  96  0  217  
36  95  96  0  218  
31  96  96  0  219  
32  96  96  0  220  
33  96  96  0  221  
34  96  96  0  222  
35  96  96  0  223  
36  96  96  0  224  
29  97  96  0  225  
30  97  96  0  226  
31  97  96  0  227  
32  97  96  0  228  
33  97  96  0  229  
34  97  96  0  230  
35  97  96  0  231  
36  97  96  0  232  
37  97  96  0  233  
38  97  96  0  234  
29  98  96  0  235  
30  98  96  0  236  
31  98  96  0  237  
32  98  96  0  238  
33  98  96  0  239  
34  98  96  0  240  
35  98  96  0  241  
36  98  96  0  242  
37  98  96  0  243  
38  98  96  0  244  
29  99  96  0  245  
30  99  96  0  246  
31  99  96  0  247  
32  99  96  0  248  
33  99  96  0  249  
34  99  96  0  250  
35  99  96  0  251  
36  99  96  0  252  
29  100  96  0  253  
30  100  96  0  254  
31  100  96  0  255  
32  100  96  0  256  
33  100  96  0  257  
34  100  96  0  258  
35  100  96  0  259  
36  100  96  0  260  
31  101  96  0  261  
32  101  96  0  262  
33  101  96  0  263  
34  101  96  0  264  
35  101  96  0  265  
36  101  96  0  266  
31  102  96  0  267  
32  102  96  0  268  
33  102  96  0  269  
34  102  96  0  270  
35  102  96  0  271  
36  102  96  0  272  
31  95  97  0  273  
32  95  97  0  274  
33  95  97  0  275  
34  95  97  0  276  
35  95  97  0  277  
36  95  97  0  278  
31  96  97  0  279  
32  96  97  0  280  
33  96  97  0  281  
34  96  97  0  282  
35  96  97  0  283  
36  96  97  0  284  
29  97  97  0  285  
30  97  97  0  286  
31  97  97  0  287  
32  97  97  0  288  
33  97  97  0  289  
34  97  97  0  290  
35  97  97  0  291  
36  97  97  0  292  
37  97  97  0  293  
38  97  97  0  294  
29  98  97  0  295  
30  98  97  0  296  
31  98  97  0  297  
32  98  97  0  298  
33  98  97  0  299  
34  98  97  0  300  
35  98  97  0  301  
36  98  97  0  302  
37  98  97  0  303  
38  98  97  0  304  
29  99  97  0  305  
30  99  97  0  306  
31  99  97  0  307  
32  99  97  0  308  
33  99  97  0  309  
34  99  97  0  310  
35  99  97  0  311  
36  99  97  0  312  
29  100  97  0  313  
30  100  97  0  314  
31  100  97  0  315  
32  100  97  0  316  
33  100  97  0  317  
34  100  97  0  318  
35  100  97  0  319  
36  100  97  0  320  
31  101  97  0  321  
32  101  97  0  322  
33  101  97  0  323  
34  101  97  0  324  
31  102  97  0  325  
32  102  97  0  326  
33  102  97  0  327  
34  102  97  0  328  
31  95  98  0  329  
32  95  98  0  330  
33  95  98  0  331  
34  95  98  0  332  
35  95  98  0  333  
36  95  98  0  334  
31  96  98  0  335  
32  96  98  0  336  
33  96  98  0  337  
34  96  98  0  338  
35  96  98  0  339  
36  96  98  0  340  
29  97  98  0  341  
30  97  98  0  342  
31  97  98  0  343  
32  97  98  0  344  
33  97  98  0  345  
34  97  98  0  346  
35  97  98  0  347  
36  97  98  0  348  
37  97  98  0  349  
38  97  98  0  350  
29  98  98  0  351  
30  98  98  0  352  
31  98  98  0  353  
32  98  98  0  354  
33  98  98  0  355  
34  98  98  0  356  
35  98  98  0  357  
36  98  98  0  358  
37  98  98  0  359  
38  98  98  0  360  
29  99  98  0  361  
30  99  98  0  362  
31  99  98  0  363  
32  99  98  0  364  
33  99  98  0  365  
34  99  98  0  366  
35  99  98  0  367  
36  99  98  0  368  
29  100  98  0  369  
30  100  98  0  370  
31  100  98  0  371  
32  100  98  0  372  
33  100  98  0  373  
34  100  98  0  374  
35  100  98  0  375  
36  100  98  0  376  
31  101  98  0  377  
32  101  98  0  378  
33  101  98  0  379  
34  101  98  0  380  
31  102  98  0  381  
32  102  98  0  382  
33  102  98  0  383  
34  102  98  0  384  
33  93  99  0  385  
34  93  99  0  386  
33  94  99  0  387  
34  94  99  0  388  
31  95  99  0  389  
32  95  99  0  390  
33  95  99  0  391  
34  95  99  0  392  
35  95  99  0  393  
36  95  99  0  394  
31  96  99  0  395  
32  96  99  0  396  
33  96  99  0  397  
34  96  99  0  398  
35  96  99  0  399  
36  96  99  0  400  
29  97  99  0  401  
30  97  99  0  402  
31  97  99  0  403  
32  97  99  0  404  
33  97  99  0  405  
34  97  99  0  406  
35  97  99  0  407  
36  97  99  0  408  
29  98  99  0  409  
30  98  99  0  410  
31  98  99  0  411  
32  98  99  0  412  
33  98  99  0  413  
34  98  99  0  414  
35  98  99  0  415  
36  98  99  0  416  
31  99  99  0  417  
32  99  99  0  418  
33  99  99  0  419  
34  99  99  0  420  
35  99  99  0  421  
36  99  99  0  422  
31  100  99  0  423  
32  100  99  0  424  
33  100  99  0  425  
34  100  99  0  426  
35  100  99  0  427  
36  100  99  0  428  
33  93  100  0  429  
34  93  100  0  430  
33  94  100  0  431  
34  94  100  0  432  
31  95  100  0  433  
32  95  100  0  434  
33  95  100  0  435  
34  95  100  0  436  
35  95  100  0  437  
36  95  100  0  438  
31  96  100  0  439  
32  96  100  0  440  
33  96  100  0  441  
34  96  100  0  442  
35  96  100  0  443  
36  96  100  0  444  
29  97  100  0  445  
30  97  100  0  446  
31  97  100  0  447  
32  97  100  0  448  
33  97  100  0  449  
34  97  100  0  450  
35  97  100  0  451  
36  97  100  0  452  
29  98  100  0  453  
30  98  100  0  454  
31  98  100  0  455  
32  98  100  0  456  
33  98  100  0  457  
34  98  100  0  458  
35  98  100  0  459  
36  98  100  0  460  
31  99  100  0  461  
32  99  100  0  462  
33  99  100  0  463  
34  99  100  0  464  
35  99  100  0  465  
36  99  100  0  466  
31  100  100  0  467  
32  100  100  0  468  
33  100  100  0  469  
34  100  100  0  470  
35  100  100  0  471  
36  100  100  0  472  
31  93  101  0  473  
32  93  101  0  474  
33  93  101  0  475  
34  93  101  0  476  
35  93  101  0  477  
36  93  101  0  478  
31  94  101  0  479  
32  94  101  0  480  
33  94  101  0  481  
34  94  101  0  482  
35  94  101  0  483  
36  94  101  0  484  
31  95  101  0  485  
32  95  101  0  486  
33  95  101  0  487  
34  95  101  0  488  
35  95  101  0  489  
36  95  101  0  490  
31  96  101  0  491  
32  96  101  0  492  
33  96  101  0  493  
34  96  101  0  494  
35  96  101  0  495  
36  96  101  0  496  
29  97  101  0  497  
30  97  101  0  498  
31  97  101  0  499  
32  97  101  0  500  
33  97  101  0  501  
34  97  101  0  502  
35  97  101  0  503  
36  97  101  0  504  
29  98  101  0  505  
30  98  101  0  506  
31  98  101  0  507  
32  98  101  0  508  
33  98  101  0  509  
34  98  101  0  510  
35  98  101  0  511  
36  98  101  0  512  
31  99  101  0  513  
32  99  101  0  514  
33  99  101  0  515  
34  99  101  0  516  
31  100  101  0  517  
32  100  101  0  518  
33  100  101  0  519  
34  100  101  0  520  
31  93  102  0  521  
32  93  102  0  522  
33  93  102  0  523  
34  93  102  0  524  
35  93  102  0  525  
36  93  102  0  526  
31  94  102  0  527  
32  94  102  0  528  
33  94  102  0  529  
34  94  102  0  530  
35  94  102  0  531  
36  94  102  0  532  
31  95  102  0  533  
32  95  102  0  534  
33  95  102  0  535  
34  95  102  0  536  
35  95  102  0  537  
36  95  102  0  538  
31  96  102  0  539  
32  96  102  0  540  
33  96  102  0  541  
34  96  102  0  542  
35  96  102  0  543  
36  96  102  0  544  
29  97  102  0  545  
30  97  102  0  546  
31  97  102  0  547  
32  97  102  0  548  
33  97  102  0  549  
34  97  102  0  550  
35  97  102  0  551  
36  97  102  0  552  
29  98  102  0  553  
30  98  102  0  554  
31  98  102  0  555  
32  98  102  0  556  
33  98  102  0  557  
34  98  102  0  558  
35  98  102  0  559  
36  98  102  0  560  
31  99  102  0  561  
32  99  102  0  562  
33  99  102  0  563  
34  99  102  0  564  
31  100  102  0  565  
32  100  102  0  566  
33  100  102  0  567  
34  100  102  0  568  
31  93  103  0  569  
32  93  103  0  570  
33  93  103  0  571  
34  93  103  0  572  
35  93  103  0  573  
36  93  103  0  574  
31  94  103  0  575  
32  94  103  0  576  
33  94  103  0  577  
34  94  103  0  578  
35  94  103  0  579  
36  94  103  0  580  
31  95  103  0  581  
32  95  103  0  582  
33  95  103  0  583  
34  95  103  0  584  
35  95  103  0  585  
36  95  103  0  586  
37  95  103  0  587  
38  95  103  0  588  
31  96  103  0  589  
32  96  103  0  590  
33  96  103  0  591  
34  96  103  0  592  
35  96  103  0  593  
36  96  103  0  594  
37  96  103  0  595  
38  96  103  0  596  
31  97  103  0  597  
32  97  103  0  598  
33  97  103  0  599  
34  97  103  0  600  
35  97  103  0  601  
36  97  103  0  602  
31  98  103  0  603  
32  98  103  0  604  
33  98  103  0  605  
34  98  103  0  606  
35  98  103  0  607  
36  98  103  0  608  
31  99  103  0  609  
32  99  103  0  610  
33  99  103  0  611  
34  99  103  0  612  
31  100  103  0  613  
32  100  103  0  614  
33  100  103  0  615  
34  100  103  0  616  
31  93  104  0  617  
32  93  104  0  618  
33  93  104  0  619  
34  93  104  0  620  
35  93  104  0  621  
36  93  104  0  622  
31  94  104  0  623  
32  94  104  0  624  
33  94  104  0  625  
34  94  104  0  626  
35  94  104  0  627  
36  94  104  0  628  
31  95  104  0  629  
32  95  104  0  630  
33  95  104  0  631  
34  95  104  0  632  
35  95  104  0  633  
36  95  104  0  634  
37  95  104  0  635  
38  95  104  0  636  
31  96  104  0  637  
32  96  104  0  638  
33  96  104  0  639  
34  96  104  0  640  
35  96  104  0  641  
36  96  104  0  642  
37  96  104  0  643  
38  96  104  0  644  
31  97  104  0  645  
32  97  104  0  646  
33  97  104  0  647  
34  97  104  0  648  
35  97  104  0  649  
36  97  104  0  650  
31  98  104  0  651  
32  98  104  0  652  
33  98  104  0  653  
34  98  104  0  654  
35  98  104  0  655  
36  98  104  0  656  
31  99  104  0  657  
32  99  104  0  658  
33  99  104  0  659  
34  99  104  0  660  
31  100  104  0  661  
32  100  104  0  662  
33  100  104  0  663  
34  100  104  0  664  
33  91  105  0  665  
34  91  105  0  666  
35  91  105  0  667  
36  91  105  0  668  
33  92  105  0  669  
34  92  105  0  670  
35  92  105  0  671  
36  92  105  0  672  
31  93  105  0  673  
32  93  105  0  674  
33  93  105  0  675  
34  93  105  0  676  
35  93  105  0  677  
36  93  105  0  678  
37  93  105  0  679  
38  93  105  0  680  
31  94  105  0  681  
32  94  105  0  682  
33  94  105  0  683  
34  94  105  0  684  
35  94  105  0  685  
36  94  105  0  686  
37  94  105  0  687  
38  94  105  0  688  
31  95  105  0  689  
32  95  105  0  690  
33  95  105  0  691  
34  95  105  0  692  
35  95  105  0  693  
36  95  105  0  694  
37  95  105  0  695  
38  95  105  0  696  
31  96  105  0  697  
32  96  105  0  698  
33  96  105  0  699  
34  96  105  0  700  
35  96  105  0  701  
36  96  105  0  702  
37  96  105  0  703  
38  96  105  0  704  
31  97  105  0  705  
32  97  105  0  706  
33  97  105  0  707  
34  97  105  0  708  
35  97  105  0  709  
36  97  105  0  710  
31  98  105  0  711  
32  98  105  0  712  
33  98  105  0  713  
34  98  105  0  714  
35  98  105  0  715  
36  98  105  0  716  
33  99  105  0  717  
34  99  105  0  718  
33  100  105  0  719  
34  100  105  0  720  
33  91  106  0  721  
34  91  106  0  722  
35  91  106  0  723  
36  91  106  0  724  
33  92  106  0  725  
34  92  106  0  726  
35  92  106  0  727  
36  92  106  0  728  
31  93  106  0  729  
32  93  106  0  730  
33  93  106  0  731  
34  93  106  0  732  
35  93  106  0  733  
36  93  106  0  734  
37  93  106  0  735  
38  93  106  0  736  
31  94  106  0  737  
32  94  106  0  738  
33  94  106  0  739  
34  94  106  0  740  
35  94  106  0  741  
36  94  106  0  742  
37  94  106  0  743  
38  94  106  0  744  
31  95  106  0  745  
32  95  106  0  746  
33  95  106  0  747  
34  95  106  0  748  
35  95  106  0  749  
36  95  106  0  750  
37  95  106  0  751  
38  95  106  0  752  
31  96  106  0  753  
32  96  106  0  754  
33  96  106  0  755  
34  96  106  0  756  
35  96  106  0  757  
36  96  106  0  758  
37  96  106  0  759  
38  96  106  0  760  
31  97  106  0  761  
32  97  106  0  762  
33  97  106  0  763  
34  97  106  0  764  
35  97  106  0  765  
36  97  106  0  766  
31  98  106  0  767  
32  98  106  0  768  
33  98  106  0  769  
34  98  106  0  770  
35  98  106  0  771  
36  98  106  0  772  
33  99  106  0  773  
34  99  106  0  774  
33  100  106  0  775  
34  100  106  0  776  
31  91  107  0  777  
32  91  107  0  778  
33  91  107  0  779  
34  91  107  0  780  
35  91  107  0  781  
36  91  107  0  782  
31  92  107  0  783  
32  92  107  0  784  
33  92  107  0  785  
34  92  107  0  786  
35  92  107  0  787  
36  92  107  0  788  
31  93  107  0  789  
32  93  107  0  790  
33  93  107  0  791  
34  93  107  0  792  
35  93  107  0  793  
36  93  107  0  794  
37  93  107  0  795  
38  93  107  0  796  
31  94  107  0  797  
32  94  107  0  798  
33  94  107  0  799  
34  94  107  0  800  
35  94  107  0  801  
36  94  107  0  802  
37  94  107  0  803  
38  94  107  0  804  
31  95  107  0  805  
32  95  107  0  806  
33  95  107  0  807  
34  95  107  0  808  
35  95  107  0  809  
36  95  107  0  810  
37  95  107  0  811  
38  95  107  0  812  
31  96  107  0  813  
32  96  107  0  814  
33  96  107  0  815  
34  96  107  0  816  
35  96  107  0  817  
36  96  107  0  818  
37  96  107  0  819  
38  96  107  0  820  
31  97  107  0  821  
32  97  107  0  822  
33  97  107  0  823  
34  97  107  0  824  
35  97  107  0  825  
36  97  107  0  826  
37  97  107  0  827  
38  97  107  0  828  
31  98  107  0  829  
32  98  107  0  830  
33  98  107  0  831  
34  98  107  0  832  
35  98  107  0  833  
36  98  107  0  834  
37  98  107  0  835  
38  98  107  0  836  
33  99  107  0  837  
34  99  107  0  838  
35  99  107  0  839  
36  99  107  0  840  
33  100  107  0  841  
34  100  107  0  842  
35  100  107  0  843  
36  100  107  0  844  
31  91  108  0  845  
32  91  108  0  846  
33  91  108  0  847  
34  91  108  0  848  
35  91  108  0  849  
36  91  108  0  850  
31  92  108  0  851  
32  92  108  0  852  
33  92  108  0  853  
34  92  108  0  854  
35  92  108  0  855  
36  92  108  0  856  
31  93  108  0  857  
32  93  108  0  858  
33  93  108  0  859  
34  93  108  0  860  
35  93  108  0  861  
36  93  108  0  862  
37  93  108  0  863  
38  93  108  0  864  
31  94  108  0  865  
32  94  108  0  866  
33  94  108  0  867  
34  94  108  0  868  
35  94  108  0  869  
36  94  108  0  870  
37  94  108  0  871  
38  94  108  0  872  
31  95  108  0  873  
32  95  108  0  874  
33  95  108  0  875  
34  95  108  0  876  
35  95  108  0  877  
36  95  108  0  878  
37  95  108  0  879  
38  95  108  0  880  
31  96  108  0  881  
32  96  108  0  882  
33  96  108  0  883  
34  96  108  0  884  
35  96  108  0  885  
36  96  108  0  886  
37  96  108  0  887  
38  96  108  0  888  
31  97  108  0  889  
32  97  108  0  890  
33  97  108  0  891  
34  97  108  0  892  
35  97  108  0  893  
36  97  108  0  894  
37  97  108  0  895  
38  97  108  0  896  
31  98  108  0  897  
32  98  108  0  898  
33  98  108  0  899  
34  98  108  0  900  
35  98  108  0  901  
36  98  108  0  902  
37  98  108  0  903  
38  98  108  0  904  
33  99  108  0  905  
34  99  108  0  906  
35  99  108  0  907  
36  99  108  0  908  
33  100  108  0  909  
34  100  108  0  910  
35  100  108  0  911  
36  100  108  0  912  
31  91  109  0  913  
32  91  109  0  914  
33  91  109  0  915  
34  91  109  0  916  
35  91  109  0  917  
36  91  109  0  918  
31  92  109  0  919  
32  92  109  0  920  
33  92  109  0  921  
34  92  109  0  922  
35  92  109  0  923  
36  92  109  0  924  
31  93  109  0  925  
32  93  109  0  926  
33  93  109  0  927  
34  93  109  0  928  
35  93  109  0  929  
36  93  109  0  930  
31  94  109  0  931  
32  94  109  0  932  
33  94  109  0  933  
34  94  109  0  934  
35  94  109  0  935  
36  94  109  0  936  
31  95  109  0  937  
32  95  109  0  938  
33  95  109  0  939  
34  95  109  0  940  
35  95  109  0  941  
36  95  109  0  942  
31  96  109  0  943  
32  96  109  0  944  
33  96  109  0  945  
34  96  109  0  946  
35  96  109  0  947  
36  96  109  0  948  
31  97  109  0  949  
32  97  109  0  950  
33  97  109  0  951  
34  97  109  0  952  
35  97  109  0  953  
36  97  109  0  954  
31  98  109  0  955  
32  98  109  0  956  
33  98  109  0  957  
34  98  109  0  958  
35  98  109  0  959  
36  98  109  0  960  
31  91  110  0  961  
32  91  110  0  962  
33  91  110  0  963  
34  91  110  0  964  
35  91  110  0  965  
36  91  110  0  966  
31  92  110  0  967  
32  92  110  0  968  
33  92  110  0  969  
34  92  110  0  970  
35  92  110  0  971  
36  92  110  0  972  
31  93  110  0  973  
32  93  110  0  974  
33  93  110  0  975  
34  93  110  0  976  
35  93  110  0  977  
36  93  110  0  978  
31  94  110  0  979  
32  94  110  0  980  
33  94  110  0  981  
34  94  110  0  982  
35  94  110  0  983  
36  94  110  0  984  
31  95  110  0  985  
32  95  110  0  986  
33  95  110  0  987  
34  95  110  0  988  
35  95  110  0  989  
36  95  110  0  990  
31  96  110  0  991  
32  96  110  0  992  
33  96  110  0  993  
34  96  110  0  994  
35  96  110  0  995  
36  96  110  0  996  
31  97  110  0  997  
32  97  110  0  998  
33  97  110  0  999  
34  97  110  0  1000  
35  97  110  0  1001  
36  97  110  0  1002  
31  98  110  0  1003  
32  98  110  0  1004  
33  98  110  0  1005  
34  98  110  0  1006  
35  98  110  0  1007  
36  98  110  0  1008  
