93  173  79  0  1  
94  173  79  0  2  
95  173  79  0  3  
96  173  79  0  4  
93  174  79  0  5  
94  174  79  0  6  
95  174  79  0  7  
96  174  79  0  8  
91  175  79  0  9  
92  175  79  0  10  
93  175  79  0  11  
94  175  79  0  12  
95  175  79  0  13  
96  175  79  0  14  
91  176  79  0  15  
92  176  79  0  16  
93  176  79  0  17  
94  176  79  0  18  
95  176  79  0  19  
96  176  79  0  20  
91  177  79  0  21  
92  177  79  0  22  
93  177  79  0  23  
94  177  79  0  24  
95  177  79  0  25  
96  177  79  0  26  
91  178  79  0  27  
92  178  79  0  28  
93  178  79  0  29  
94  178  79  0  30  
95  178  79  0  31  
96  178  79  0  32  
93  179  79  0  33  
94  179  79  0  34  
93  180  79  0  35  
94  180  79  0  36  
93  173  80  0  37  
94  173  80  0  38  
95  173  80  0  39  
96  173  80  0  40  
93  174  80  0  41  
94  174  80  0  42  
95  174  80  0  43  
96  174  80  0  44  
91  175  80  0  45  
92  175  80  0  46  
93  175  80  0  47  
94  175  80  0  48  
95  175  80  0  49  
96  175  80  0  50  
91  176  80  0  51  
92  176  80  0  52  
93  176  80  0  53  
94  176  80  0  54  
95  176  80  0  55  
96  176  80  0  56  
91  177  80  0  57  
92  177  80  0  58  
93  177  80  0  59  
94  177  80  0  60  
95  177  80  0  61  
96  177  80  0  62  
91  178  80  0  63  
92  178  80  0  64  
93  178  80  0  65  
94  178  80  0  66  
95  178  80  0  67  
96  178  80  0  68  
93  179  80  0  69  
94  179  80  0  70  
93  180  80  0  71  
94  180  80  0  72  
93  173  81  0  73  
94  173  81  0  74  
95  173  81  0  75  
96  173  81  0  76  
93  174  81  0  77  
94  174  81  0  78  
95  174  81  0  79  
96  174  81  0  80  
91  175  81  0  81  
92  175  81  0  82  
93  175  81  0  83  
94  175  81  0  84  
95  175  81  0  85  
96  175  81  0  86  
91  176  81  0  87  
92  176  81  0  88  
93  176  81  0  89  
94  176  81  0  90  
95  176  81  0  91  
96  176  81  0  92  
91  177  81  0  93  
92  177  81  0  94  
93  177  81  0  95  
94  177  81  0  96  
95  177  81  0  97  
96  177  81  0  98  
91  178  81  0  99  
92  178  81  0  100  
93  178  81  0  101  
94  178  81  0  102  
95  178  81  0  103  
96  178  81  0  104  
91  179  81  0  105  
92  179  81  0  106  
93  179  81  0  107  
94  179  81  0  108  
95  179  81  0  109  
96  179  81  0  110  
91  180  81  0  111  
92  180  81  0  112  
93  180  81  0  113  
94  180  81  0  114  
95  180  81  0  115  
96  180  81  0  116  
93  181  81  0  117  
94  181  81  0  118  
93  182  81  0  119  
94  182  81  0  120  
93  173  82  0  121  
94  173  82  0  122  
95  173  82  0  123  
96  173  82  0  124  
93  174  82  0  125  
94  174  82  0  126  
95  174  82  0  127  
96  174  82  0  128  
91  175  82  0  129  
92  175  82  0  130  
93  175  82  0  131  
94  175  82  0  132  
95  175  82  0  133  
96  175  82  0  134  
91  176  82  0  135  
92  176  82  0  136  
93  176  82  0  137  
94  176  82  0  138  
95  176  82  0  139  
96  176  82  0  140  
91  177  82  0  141  
92  177  82  0  142  
93  177  82  0  143  
94  177  82  0  144  
95  177  82  0  145  
96  177  82  0  146  
91  178  82  0  147  
92  178  82  0  148  
93  178  82  0  149  
94  178  82  0  150  
95  178  82  0  151  
96  178  82  0  152  
91  179  82  0  153  
92  179  82  0  154  
93  179  82  0  155  
94  179  82  0  156  
95  179  82  0  157  
96  179  82  0  158  
91  180  82  0  159  
92  180  82  0  160  
93  180  82  0  161  
94  180  82  0  162  
95  180  82  0  163  
96  180  82  0  164  
93  181  82  0  165  
94  181  82  0  166  
93  182  82  0  167  
94  182  82  0  168  
91  175  83  0  169  
92  175  83  0  170  
93  175  83  0  171  
94  175  83  0  172  
95  175  83  0  173  
96  175  83  0  174  
91  176  83  0  175  
92  176  83  0  176  
93  176  83  0  177  
94  176  83  0  178  
95  176  83  0  179  
96  176  83  0  180  
91  177  83  0  181  
92  177  83  0  182  
93  177  83  0  183  
94  177  83  0  184  
95  177  83  0  185  
96  177  83  0  186  
91  178  83  0  187  
92  178  83  0  188  
93  178  83  0  189  
94  178  83  0  190  
95  178  83  0  191  
96  178  83  0  192  
91  179  83  0  193  
92  179  83  0  194  
93  179  83  0  195  
94  179  83  0  196  
95  179  83  0  197  
96  179  83  0  198  
91  180  83  0  199  
92  180  83  0  200  
93  180  83  0  201  
94  180  83  0  202  
95  180  83  0  203  
96  180  83  0  204  
93  181  83  0  205  
94  181  83  0  206  
93  182  83  0  207  
94  182  83  0  208  
91  175  84  0  209  
92  175  84  0  210  
93  175  84  0  211  
94  175  84  0  212  
95  175  84  0  213  
96  175  84  0  214  
91  176  84  0  215  
92  176  84  0  216  
93  176  84  0  217  
94  176  84  0  218  
95  176  84  0  219  
96  176  84  0  220  
91  177  84  0  221  
92  177  84  0  222  
93  177  84  0  223  
94  177  84  0  224  
95  177  84  0  225  
96  177  84  0  226  
91  178  84  0  227  
92  178  84  0  228  
93  178  84  0  229  
94  178  84  0  230  
95  178  84  0  231  
96  178  84  0  232  
91  179  84  0  233  
92  179  84  0  234  
93  179  84  0  235  
94  179  84  0  236  
95  179  84  0  237  
96  179  84  0  238  
91  180  84  0  239  
92  180  84  0  240  
93  180  84  0  241  
94  180  84  0  242  
95  180  84  0  243  
96  180  84  0  244  
93  181  84  0  245  
94  181  84  0  246  
93  182  84  0  247  
94  182  84  0  248  
91  177  85  0  249  
92  177  85  0  250  
93  177  85  0  251  
94  177  85  0  252  
91  178  85  0  253  
92  178  85  0  254  
93  178  85  0  255  
94  178  85  0  256  
91  179  85  0  257  
92  179  85  0  258  
93  179  85  0  259  
94  179  85  0  260  
91  180  85  0  261  
92  180  85  0  262  
93  180  85  0  263  
94  180  85  0  264  
91  177  86  0  265  
92  177  86  0  266  
93  177  86  0  267  
94  177  86  0  268  
91  178  86  0  269  
92  178  86  0  270  
93  178  86  0  271  
94  178  86  0  272  
91  179  86  0  273  
92  179  86  0  274  
93  179  86  0  275  
94  179  86  0  276  
91  180  86  0  277  
92  180  86  0  278  
93  180  86  0  279  
94  180  86  0  280  
