83  157  51  0  1  
84  157  51  0  2  
85  157  51  0  3  
86  157  51  0  4  
83  158  51  0  5  
84  158  51  0  6  
85  158  51  0  7  
86  158  51  0  8  
83  159  51  0  9  
84  159  51  0  10  
85  159  51  0  11  
86  159  51  0  12  
87  159  51  0  13  
88  159  51  0  14  
83  160  51  0  15  
84  160  51  0  16  
85  160  51  0  17  
86  160  51  0  18  
87  160  51  0  19  
88  160  51  0  20  
81  161  51  0  21  
82  161  51  0  22  
83  161  51  0  23  
84  161  51  0  24  
85  161  51  0  25  
86  161  51  0  26  
87  161  51  0  27  
88  161  51  0  28  
81  162  51  0  29  
82  162  51  0  30  
83  162  51  0  31  
84  162  51  0  32  
85  162  51  0  33  
86  162  51  0  34  
87  162  51  0  35  
88  162  51  0  36  
83  163  51  0  37  
84  163  51  0  38  
85  163  51  0  39  
86  163  51  0  40  
87  163  51  0  41  
88  163  51  0  42  
83  164  51  0  43  
84  164  51  0  44  
85  164  51  0  45  
86  164  51  0  46  
87  164  51  0  47  
88  164  51  0  48  
85  165  51  0  49  
86  165  51  0  50  
85  166  51  0  51  
86  166  51  0  52  
83  157  52  0  53  
84  157  52  0  54  
85  157  52  0  55  
86  157  52  0  56  
83  158  52  0  57  
84  158  52  0  58  
85  158  52  0  59  
86  158  52  0  60  
83  159  52  0  61  
84  159  52  0  62  
85  159  52  0  63  
86  159  52  0  64  
87  159  52  0  65  
88  159  52  0  66  
83  160  52  0  67  
84  160  52  0  68  
85  160  52  0  69  
86  160  52  0  70  
87  160  52  0  71  
88  160  52  0  72  
81  161  52  0  73  
82  161  52  0  74  
83  161  52  0  75  
84  161  52  0  76  
85  161  52  0  77  
86  161  52  0  78  
87  161  52  0  79  
88  161  52  0  80  
81  162  52  0  81  
82  162  52  0  82  
83  162  52  0  83  
84  162  52  0  84  
85  162  52  0  85  
86  162  52  0  86  
87  162  52  0  87  
88  162  52  0  88  
83  163  52  0  89  
84  163  52  0  90  
85  163  52  0  91  
86  163  52  0  92  
87  163  52  0  93  
88  163  52  0  94  
83  164  52  0  95  
84  164  52  0  96  
85  164  52  0  97  
86  164  52  0  98  
87  164  52  0  99  
88  164  52  0  100  
85  165  52  0  101  
86  165  52  0  102  
85  166  52  0  103  
86  166  52  0  104  
83  155  53  0  105  
84  155  53  0  106  
85  155  53  0  107  
86  155  53  0  108  
87  155  53  0  109  
88  155  53  0  110  
83  156  53  0  111  
84  156  53  0  112  
85  156  53  0  113  
86  156  53  0  114  
87  156  53  0  115  
88  156  53  0  116  
81  157  53  0  117  
82  157  53  0  118  
83  157  53  0  119  
84  157  53  0  120  
85  157  53  0  121  
86  157  53  0  122  
87  157  53  0  123  
88  157  53  0  124  
81  158  53  0  125  
82  158  53  0  126  
83  158  53  0  127  
84  158  53  0  128  
85  158  53  0  129  
86  158  53  0  130  
87  158  53  0  131  
88  158  53  0  132  
81  159  53  0  133  
82  159  53  0  134  
83  159  53  0  135  
84  159  53  0  136  
85  159  53  0  137  
86  159  53  0  138  
87  159  53  0  139  
88  159  53  0  140  
81  160  53  0  141  
82  160  53  0  142  
83  160  53  0  143  
84  160  53  0  144  
85  160  53  0  145  
86  160  53  0  146  
87  160  53  0  147  
88  160  53  0  148  
81  161  53  0  149  
82  161  53  0  150  
83  161  53  0  151  
84  161  53  0  152  
85  161  53  0  153  
86  161  53  0  154  
87  161  53  0  155  
88  161  53  0  156  
81  162  53  0  157  
82  162  53  0  158  
83  162  53  0  159  
84  162  53  0  160  
85  162  53  0  161  
86  162  53  0  162  
87  162  53  0  163  
88  162  53  0  164  
81  163  53  0  165  
82  163  53  0  166  
83  163  53  0  167  
84  163  53  0  168  
85  163  53  0  169  
86  163  53  0  170  
87  163  53  0  171  
88  163  53  0  172  
81  164  53  0  173  
82  164  53  0  174  
83  164  53  0  175  
84  164  53  0  176  
85  164  53  0  177  
86  164  53  0  178  
87  164  53  0  179  
88  164  53  0  180  
81  165  53  0  181  
82  165  53  0  182  
83  165  53  0  183  
84  165  53  0  184  
85  165  53  0  185  
86  165  53  0  186  
87  165  53  0  187  
88  165  53  0  188  
81  166  53  0  189  
82  166  53  0  190  
83  166  53  0  191  
84  166  53  0  192  
85  166  53  0  193  
86  166  53  0  194  
87  166  53  0  195  
88  166  53  0  196  
83  167  53  0  197  
84  167  53  0  198  
85  167  53  0  199  
86  167  53  0  200  
87  167  53  0  201  
88  167  53  0  202  
83  168  53  0  203  
84  168  53  0  204  
85  168  53  0  205  
86  168  53  0  206  
87  168  53  0  207  
88  168  53  0  208  
83  155  54  0  209  
84  155  54  0  210  
85  155  54  0  211  
86  155  54  0  212  
87  155  54  0  213  
88  155  54  0  214  
83  156  54  0  215  
84  156  54  0  216  
85  156  54  0  217  
86  156  54  0  218  
87  156  54  0  219  
88  156  54  0  220  
81  157  54  0  221  
82  157  54  0  222  
83  157  54  0  223  
84  157  54  0  224  
85  157  54  0  225  
86  157  54  0  226  
87  157  54  0  227  
88  157  54  0  228  
81  158  54  0  229  
82  158  54  0  230  
83  158  54  0  231  
84  158  54  0  232  
85  158  54  0  233  
86  158  54  0  234  
87  158  54  0  235  
88  158  54  0  236  
81  159  54  0  237  
82  159  54  0  238  
83  159  54  0  239  
84  159  54  0  240  
85  159  54  0  241  
86  159  54  0  242  
87  159  54  0  243  
88  159  54  0  244  
81  160  54  0  245  
82  160  54  0  246  
83  160  54  0  247  
84  160  54  0  248  
85  160  54  0  249  
86  160  54  0  250  
87  160  54  0  251  
88  160  54  0  252  
81  161  54  0  253  
82  161  54  0  254  
83  161  54  0  255  
84  161  54  0  256  
85  161  54  0  257  
86  161  54  0  258  
87  161  54  0  259  
88  161  54  0  260  
81  162  54  0  261  
82  162  54  0  262  
83  162  54  0  263  
84  162  54  0  264  
85  162  54  0  265  
86  162  54  0  266  
87  162  54  0  267  
88  162  54  0  268  
81  163  54  0  269  
82  163  54  0  270  
83  163  54  0  271  
84  163  54  0  272  
85  163  54  0  273  
86  163  54  0  274  
87  163  54  0  275  
88  163  54  0  276  
81  164  54  0  277  
82  164  54  0  278  
83  164  54  0  279  
84  164  54  0  280  
85  164  54  0  281  
86  164  54  0  282  
87  164  54  0  283  
88  164  54  0  284  
81  165  54  0  285  
82  165  54  0  286  
83  165  54  0  287  
84  165  54  0  288  
85  165  54  0  289  
86  165  54  0  290  
87  165  54  0  291  
88  165  54  0  292  
81  166  54  0  293  
82  166  54  0  294  
83  166  54  0  295  
84  166  54  0  296  
85  166  54  0  297  
86  166  54  0  298  
87  166  54  0  299  
88  166  54  0  300  
83  167  54  0  301  
84  167  54  0  302  
85  167  54  0  303  
86  167  54  0  304  
87  167  54  0  305  
88  167  54  0  306  
83  168  54  0  307  
84  168  54  0  308  
85  168  54  0  309  
86  168  54  0  310  
87  168  54  0  311  
88  168  54  0  312  
85  153  55  0  313  
86  153  55  0  314  
87  153  55  0  315  
88  153  55  0  316  
85  154  55  0  317  
86  154  55  0  318  
87  154  55  0  319  
88  154  55  0  320  
81  155  55  0  321  
82  155  55  0  322  
83  155  55  0  323  
84  155  55  0  324  
85  155  55  0  325  
86  155  55  0  326  
87  155  55  0  327  
88  155  55  0  328  
81  156  55  0  329  
82  156  55  0  330  
83  156  55  0  331  
84  156  55  0  332  
85  156  55  0  333  
86  156  55  0  334  
87  156  55  0  335  
88  156  55  0  336  
81  157  55  0  337  
82  157  55  0  338  
83  157  55  0  339  
84  157  55  0  340  
85  157  55  0  341  
86  157  55  0  342  
87  157  55  0  343  
88  157  55  0  344  
81  158  55  0  345  
82  158  55  0  346  
83  158  55  0  347  
84  158  55  0  348  
85  158  55  0  349  
86  158  55  0  350  
87  158  55  0  351  
88  158  55  0  352  
79  159  55  0  353  
80  159  55  0  354  
81  159  55  0  355  
82  159  55  0  356  
83  159  55  0  357  
84  159  55  0  358  
85  159  55  0  359  
86  159  55  0  360  
87  159  55  0  361  
88  159  55  0  362  
79  160  55  0  363  
80  160  55  0  364  
81  160  55  0  365  
82  160  55  0  366  
83  160  55  0  367  
84  160  55  0  368  
85  160  55  0  369  
86  160  55  0  370  
87  160  55  0  371  
88  160  55  0  372  
79  161  55  0  373  
80  161  55  0  374  
81  161  55  0  375  
82  161  55  0  376  
83  161  55  0  377  
84  161  55  0  378  
85  161  55  0  379  
86  161  55  0  380  
87  161  55  0  381  
88  161  55  0  382  
79  162  55  0  383  
80  162  55  0  384  
81  162  55  0  385  
82  162  55  0  386  
83  162  55  0  387  
84  162  55  0  388  
85  162  55  0  389  
86  162  55  0  390  
87  162  55  0  391  
88  162  55  0  392  
79  163  55  0  393  
80  163  55  0  394  
81  163  55  0  395  
82  163  55  0  396  
83  163  55  0  397  
84  163  55  0  398  
85  163  55  0  399  
86  163  55  0  400  
87  163  55  0  401  
88  163  55  0  402  
79  164  55  0  403  
80  164  55  0  404  
81  164  55  0  405  
82  164  55  0  406  
83  164  55  0  407  
84  164  55  0  408  
85  164  55  0  409  
86  164  55  0  410  
87  164  55  0  411  
88  164  55  0  412  
81  165  55  0  413  
82  165  55  0  414  
83  165  55  0  415  
84  165  55  0  416  
85  165  55  0  417  
86  165  55  0  418  
87  165  55  0  419  
88  165  55  0  420  
81  166  55  0  421  
82  166  55  0  422  
83  166  55  0  423  
84  166  55  0  424  
85  166  55  0  425  
86  166  55  0  426  
87  166  55  0  427  
88  166  55  0  428  
83  167  55  0  429  
84  167  55  0  430  
85  167  55  0  431  
86  167  55  0  432  
87  167  55  0  433  
88  167  55  0  434  
83  168  55  0  435  
84  168  55  0  436  
85  168  55  0  437  
86  168  55  0  438  
87  168  55  0  439  
88  168  55  0  440  
85  153  56  0  441  
86  153  56  0  442  
87  153  56  0  443  
88  153  56  0  444  
85  154  56  0  445  
86  154  56  0  446  
87  154  56  0  447  
88  154  56  0  448  
81  155  56  0  449  
82  155  56  0  450  
83  155  56  0  451  
84  155  56  0  452  
85  155  56  0  453  
86  155  56  0  454  
87  155  56  0  455  
88  155  56  0  456  
81  156  56  0  457  
82  156  56  0  458  
83  156  56  0  459  
84  156  56  0  460  
85  156  56  0  461  
86  156  56  0  462  
87  156  56  0  463  
88  156  56  0  464  
81  157  56  0  465  
82  157  56  0  466  
83  157  56  0  467  
84  157  56  0  468  
85  157  56  0  469  
86  157  56  0  470  
87  157  56  0  471  
88  157  56  0  472  
81  158  56  0  473  
82  158  56  0  474  
83  158  56  0  475  
84  158  56  0  476  
85  158  56  0  477  
86  158  56  0  478  
87  158  56  0  479  
88  158  56  0  480  
79  159  56  0  481  
80  159  56  0  482  
81  159  56  0  483  
82  159  56  0  484  
83  159  56  0  485  
84  159  56  0  486  
85  159  56  0  487  
86  159  56  0  488  
87  159  56  0  489  
88  159  56  0  490  
79  160  56  0  491  
80  160  56  0  492  
81  160  56  0  493  
82  160  56  0  494  
83  160  56  0  495  
84  160  56  0  496  
85  160  56  0  497  
86  160  56  0  498  
87  160  56  0  499  
88  160  56  0  500  
79  161  56  0  501  
80  161  56  0  502  
81  161  56  0  503  
82  161  56  0  504  
83  161  56  0  505  
84  161  56  0  506  
85  161  56  0  507  
86  161  56  0  508  
87  161  56  0  509  
88  161  56  0  510  
79  162  56  0  511  
80  162  56  0  512  
81  162  56  0  513  
82  162  56  0  514  
83  162  56  0  515  
84  162  56  0  516  
85  162  56  0  517  
86  162  56  0  518  
87  162  56  0  519  
88  162  56  0  520  
79  163  56  0  521  
80  163  56  0  522  
81  163  56  0  523  
82  163  56  0  524  
83  163  56  0  525  
84  163  56  0  526  
85  163  56  0  527  
86  163  56  0  528  
87  163  56  0  529  
88  163  56  0  530  
79  164  56  0  531  
80  164  56  0  532  
81  164  56  0  533  
82  164  56  0  534  
83  164  56  0  535  
84  164  56  0  536  
85  164  56  0  537  
86  164  56  0  538  
87  164  56  0  539  
88  164  56  0  540  
81  165  56  0  541  
82  165  56  0  542  
83  165  56  0  543  
84  165  56  0  544  
85  165  56  0  545  
86  165  56  0  546  
87  165  56  0  547  
88  165  56  0  548  
81  166  56  0  549  
82  166  56  0  550  
83  166  56  0  551  
84  166  56  0  552  
85  166  56  0  553  
86  166  56  0  554  
87  166  56  0  555  
88  166  56  0  556  
83  167  56  0  557  
84  167  56  0  558  
85  167  56  0  559  
86  167  56  0  560  
87  167  56  0  561  
88  167  56  0  562  
83  168  56  0  563  
84  168  56  0  564  
85  168  56  0  565  
86  168  56  0  566  
87  168  56  0  567  
88  168  56  0  568  
87  151  57  0  569  
88  151  57  0  570  
87  152  57  0  571  
88  152  57  0  572  
83  153  57  0  573  
84  153  57  0  574  
85  153  57  0  575  
86  153  57  0  576  
87  153  57  0  577  
88  153  57  0  578  
83  154  57  0  579  
84  154  57  0  580  
85  154  57  0  581  
86  154  57  0  582  
87  154  57  0  583  
88  154  57  0  584  
81  155  57  0  585  
82  155  57  0  586  
83  155  57  0  587  
84  155  57  0  588  
85  155  57  0  589  
86  155  57  0  590  
87  155  57  0  591  
88  155  57  0  592  
81  156  57  0  593  
82  156  57  0  594  
83  156  57  0  595  
84  156  57  0  596  
85  156  57  0  597  
86  156  57  0  598  
87  156  57  0  599  
88  156  57  0  600  
81  157  57  0  601  
82  157  57  0  602  
83  157  57  0  603  
84  157  57  0  604  
85  157  57  0  605  
86  157  57  0  606  
87  157  57  0  607  
88  157  57  0  608  
81  158  57  0  609  
82  158  57  0  610  
83  158  57  0  611  
84  158  57  0  612  
85  158  57  0  613  
86  158  57  0  614  
87  158  57  0  615  
88  158  57  0  616  
79  159  57  0  617  
80  159  57  0  618  
81  159  57  0  619  
82  159  57  0  620  
83  159  57  0  621  
84  159  57  0  622  
85  159  57  0  623  
86  159  57  0  624  
87  159  57  0  625  
88  159  57  0  626  
79  160  57  0  627  
80  160  57  0  628  
81  160  57  0  629  
82  160  57  0  630  
83  160  57  0  631  
84  160  57  0  632  
85  160  57  0  633  
86  160  57  0  634  
87  160  57  0  635  
88  160  57  0  636  
79  161  57  0  637  
80  161  57  0  638  
81  161  57  0  639  
82  161  57  0  640  
83  161  57  0  641  
84  161  57  0  642  
85  161  57  0  643  
86  161  57  0  644  
87  161  57  0  645  
88  161  57  0  646  
79  162  57  0  647  
80  162  57  0  648  
81  162  57  0  649  
82  162  57  0  650  
83  162  57  0  651  
84  162  57  0  652  
85  162  57  0  653  
86  162  57  0  654  
87  162  57  0  655  
88  162  57  0  656  
79  163  57  0  657  
80  163  57  0  658  
81  163  57  0  659  
82  163  57  0  660  
83  163  57  0  661  
84  163  57  0  662  
85  163  57  0  663  
86  163  57  0  664  
87  163  57  0  665  
88  163  57  0  666  
79  164  57  0  667  
80  164  57  0  668  
81  164  57  0  669  
82  164  57  0  670  
83  164  57  0  671  
84  164  57  0  672  
85  164  57  0  673  
86  164  57  0  674  
87  164  57  0  675  
88  164  57  0  676  
81  165  57  0  677  
82  165  57  0  678  
83  165  57  0  679  
84  165  57  0  680  
85  165  57  0  681  
86  165  57  0  682  
87  165  57  0  683  
88  165  57  0  684  
81  166  57  0  685  
82  166  57  0  686  
83  166  57  0  687  
84  166  57  0  688  
85  166  57  0  689  
86  166  57  0  690  
87  166  57  0  691  
88  166  57  0  692  
83  167  57  0  693  
84  167  57  0  694  
85  167  57  0  695  
86  167  57  0  696  
83  168  57  0  697  
84  168  57  0  698  
85  168  57  0  699  
86  168  57  0  700  
87  151  58  0  701  
88  151  58  0  702  
87  152  58  0  703  
88  152  58  0  704  
83  153  58  0  705  
84  153  58  0  706  
85  153  58  0  707  
86  153  58  0  708  
87  153  58  0  709  
88  153  58  0  710  
83  154  58  0  711  
84  154  58  0  712  
85  154  58  0  713  
86  154  58  0  714  
87  154  58  0  715  
88  154  58  0  716  
81  155  58  0  717  
82  155  58  0  718  
83  155  58  0  719  
84  155  58  0  720  
85  155  58  0  721  
86  155  58  0  722  
87  155  58  0  723  
88  155  58  0  724  
81  156  58  0  725  
82  156  58  0  726  
83  156  58  0  727  
84  156  58  0  728  
85  156  58  0  729  
86  156  58  0  730  
87  156  58  0  731  
88  156  58  0  732  
81  157  58  0  733  
82  157  58  0  734  
83  157  58  0  735  
84  157  58  0  736  
85  157  58  0  737  
86  157  58  0  738  
87  157  58  0  739  
88  157  58  0  740  
81  158  58  0  741  
82  158  58  0  742  
83  158  58  0  743  
84  158  58  0  744  
85  158  58  0  745  
86  158  58  0  746  
87  158  58  0  747  
88  158  58  0  748  
79  159  58  0  749  
80  159  58  0  750  
81  159  58  0  751  
82  159  58  0  752  
83  159  58  0  753  
84  159  58  0  754  
85  159  58  0  755  
86  159  58  0  756  
87  159  58  0  757  
88  159  58  0  758  
79  160  58  0  759  
80  160  58  0  760  
81  160  58  0  761  
82  160  58  0  762  
83  160  58  0  763  
84  160  58  0  764  
85  160  58  0  765  
86  160  58  0  766  
87  160  58  0  767  
88  160  58  0  768  
79  161  58  0  769  
80  161  58  0  770  
81  161  58  0  771  
82  161  58  0  772  
83  161  58  0  773  
84  161  58  0  774  
85  161  58  0  775  
86  161  58  0  776  
87  161  58  0  777  
88  161  58  0  778  
79  162  58  0  779  
80  162  58  0  780  
81  162  58  0  781  
82  162  58  0  782  
83  162  58  0  783  
84  162  58  0  784  
85  162  58  0  785  
86  162  58  0  786  
87  162  58  0  787  
88  162  58  0  788  
79  163  58  0  789  
80  163  58  0  790  
81  163  58  0  791  
82  163  58  0  792  
83  163  58  0  793  
84  163  58  0  794  
85  163  58  0  795  
86  163  58  0  796  
87  163  58  0  797  
88  163  58  0  798  
79  164  58  0  799  
80  164  58  0  800  
81  164  58  0  801  
82  164  58  0  802  
83  164  58  0  803  
84  164  58  0  804  
85  164  58  0  805  
86  164  58  0  806  
87  164  58  0  807  
88  164  58  0  808  
81  165  58  0  809  
82  165  58  0  810  
83  165  58  0  811  
84  165  58  0  812  
85  165  58  0  813  
86  165  58  0  814  
87  165  58  0  815  
88  165  58  0  816  
81  166  58  0  817  
82  166  58  0  818  
83  166  58  0  819  
84  166  58  0  820  
85  166  58  0  821  
86  166  58  0  822  
87  166  58  0  823  
88  166  58  0  824  
83  167  58  0  825  
84  167  58  0  826  
85  167  58  0  827  
86  167  58  0  828  
83  168  58  0  829  
84  168  58  0  830  
85  168  58  0  831  
86  168  58  0  832  
87  151  59  0  833  
88  151  59  0  834  
87  152  59  0  835  
88  152  59  0  836  
83  153  59  0  837  
84  153  59  0  838  
85  153  59  0  839  
86  153  59  0  840  
87  153  59  0  841  
88  153  59  0  842  
83  154  59  0  843  
84  154  59  0  844  
85  154  59  0  845  
86  154  59  0  846  
87  154  59  0  847  
88  154  59  0  848  
83  155  59  0  849  
84  155  59  0  850  
85  155  59  0  851  
86  155  59  0  852  
87  155  59  0  853  
88  155  59  0  854  
83  156  59  0  855  
84  156  59  0  856  
85  156  59  0  857  
86  156  59  0  858  
87  156  59  0  859  
88  156  59  0  860  
81  157  59  0  861  
82  157  59  0  862  
83  157  59  0  863  
84  157  59  0  864  
85  157  59  0  865  
86  157  59  0  866  
87  157  59  0  867  
88  157  59  0  868  
81  158  59  0  869  
82  158  59  0  870  
83  158  59  0  871  
84  158  59  0  872  
85  158  59  0  873  
86  158  59  0  874  
87  158  59  0  875  
88  158  59  0  876  
79  159  59  0  877  
80  159  59  0  878  
81  159  59  0  879  
82  159  59  0  880  
83  159  59  0  881  
84  159  59  0  882  
85  159  59  0  883  
86  159  59  0  884  
87  159  59  0  885  
88  159  59  0  886  
79  160  59  0  887  
80  160  59  0  888  
81  160  59  0  889  
82  160  59  0  890  
83  160  59  0  891  
84  160  59  0  892  
85  160  59  0  893  
86  160  59  0  894  
87  160  59  0  895  
88  160  59  0  896  
79  161  59  0  897  
80  161  59  0  898  
81  161  59  0  899  
82  161  59  0  900  
83  161  59  0  901  
84  161  59  0  902  
85  161  59  0  903  
86  161  59  0  904  
87  161  59  0  905  
88  161  59  0  906  
79  162  59  0  907  
80  162  59  0  908  
81  162  59  0  909  
82  162  59  0  910  
83  162  59  0  911  
84  162  59  0  912  
85  162  59  0  913  
86  162  59  0  914  
87  162  59  0  915  
88  162  59  0  916  
79  163  59  0  917  
80  163  59  0  918  
81  163  59  0  919  
82  163  59  0  920  
83  163  59  0  921  
84  163  59  0  922  
85  163  59  0  923  
86  163  59  0  924  
87  163  59  0  925  
88  163  59  0  926  
79  164  59  0  927  
80  164  59  0  928  
81  164  59  0  929  
82  164  59  0  930  
83  164  59  0  931  
84  164  59  0  932  
85  164  59  0  933  
86  164  59  0  934  
87  164  59  0  935  
88  164  59  0  936  
81  165  59  0  937  
82  165  59  0  938  
83  165  59  0  939  
84  165  59  0  940  
85  165  59  0  941  
86  165  59  0  942  
87  165  59  0  943  
88  165  59  0  944  
81  166  59  0  945  
82  166  59  0  946  
83  166  59  0  947  
84  166  59  0  948  
85  166  59  0  949  
86  166  59  0  950  
87  166  59  0  951  
88  166  59  0  952  
83  167  59  0  953  
84  167  59  0  954  
83  168  59  0  955  
84  168  59  0  956  
87  151  60  0  957  
88  151  60  0  958  
87  152  60  0  959  
88  152  60  0  960  
83  153  60  0  961  
84  153  60  0  962  
85  153  60  0  963  
86  153  60  0  964  
87  153  60  0  965  
88  153  60  0  966  
83  154  60  0  967  
84  154  60  0  968  
85  154  60  0  969  
86  154  60  0  970  
87  154  60  0  971  
88  154  60  0  972  
83  155  60  0  973  
84  155  60  0  974  
85  155  60  0  975  
86  155  60  0  976  
87  155  60  0  977  
88  155  60  0  978  
83  156  60  0  979  
84  156  60  0  980  
85  156  60  0  981  
86  156  60  0  982  
87  156  60  0  983  
88  156  60  0  984  
81  157  60  0  985  
82  157  60  0  986  
83  157  60  0  987  
84  157  60  0  988  
85  157  60  0  989  
86  157  60  0  990  
87  157  60  0  991  
88  157  60  0  992  
81  158  60  0  993  
82  158  60  0  994  
83  158  60  0  995  
84  158  60  0  996  
85  158  60  0  997  
86  158  60  0  998  
87  158  60  0  999  
88  158  60  0  1000  
79  159  60  0  1001  
80  159  60  0  1002  
81  159  60  0  1003  
82  159  60  0  1004  
83  159  60  0  1005  
84  159  60  0  1006  
85  159  60  0  1007  
86  159  60  0  1008  
87  159  60  0  1009  
88  159  60  0  1010  
79  160  60  0  1011  
80  160  60  0  1012  
81  160  60  0  1013  
82  160  60  0  1014  
83  160  60  0  1015  
84  160  60  0  1016  
85  160  60  0  1017  
86  160  60  0  1018  
87  160  60  0  1019  
88  160  60  0  1020  
79  161  60  0  1021  
80  161  60  0  1022  
81  161  60  0  1023  
82  161  60  0  1024  
83  161  60  0  1025  
84  161  60  0  1026  
85  161  60  0  1027  
86  161  60  0  1028  
87  161  60  0  1029  
88  161  60  0  1030  
79  162  60  0  1031  
80  162  60  0  1032  
81  162  60  0  1033  
82  162  60  0  1034  
83  162  60  0  1035  
84  162  60  0  1036  
85  162  60  0  1037  
86  162  60  0  1038  
87  162  60  0  1039  
88  162  60  0  1040  
79  163  60  0  1041  
80  163  60  0  1042  
81  163  60  0  1043  
82  163  60  0  1044  
83  163  60  0  1045  
84  163  60  0  1046  
85  163  60  0  1047  
86  163  60  0  1048  
87  163  60  0  1049  
88  163  60  0  1050  
79  164  60  0  1051  
80  164  60  0  1052  
81  164  60  0  1053  
82  164  60  0  1054  
83  164  60  0  1055  
84  164  60  0  1056  
85  164  60  0  1057  
86  164  60  0  1058  
87  164  60  0  1059  
88  164  60  0  1060  
81  165  60  0  1061  
82  165  60  0  1062  
83  165  60  0  1063  
84  165  60  0  1064  
85  165  60  0  1065  
86  165  60  0  1066  
87  165  60  0  1067  
88  165  60  0  1068  
81  166  60  0  1069  
82  166  60  0  1070  
83  166  60  0  1071  
84  166  60  0  1072  
85  166  60  0  1073  
86  166  60  0  1074  
87  166  60  0  1075  
88  166  60  0  1076  
83  167  60  0  1077  
84  167  60  0  1078  
83  168  60  0  1079  
84  168  60  0  1080  
87  151  61  0  1081  
88  151  61  0  1082  
87  152  61  0  1083  
88  152  61  0  1084  
85  153  61  0  1085  
86  153  61  0  1086  
87  153  61  0  1087  
88  153  61  0  1088  
85  154  61  0  1089  
86  154  61  0  1090  
87  154  61  0  1091  
88  154  61  0  1092  
83  155  61  0  1093  
84  155  61  0  1094  
85  155  61  0  1095  
86  155  61  0  1096  
87  155  61  0  1097  
88  155  61  0  1098  
83  156  61  0  1099  
84  156  61  0  1100  
85  156  61  0  1101  
86  156  61  0  1102  
87  156  61  0  1103  
88  156  61  0  1104  
81  157  61  0  1105  
82  157  61  0  1106  
83  157  61  0  1107  
84  157  61  0  1108  
85  157  61  0  1109  
86  157  61  0  1110  
87  157  61  0  1111  
88  157  61  0  1112  
81  158  61  0  1113  
82  158  61  0  1114  
83  158  61  0  1115  
84  158  61  0  1116  
85  158  61  0  1117  
86  158  61  0  1118  
87  158  61  0  1119  
88  158  61  0  1120  
81  159  61  0  1121  
82  159  61  0  1122  
83  159  61  0  1123  
84  159  61  0  1124  
85  159  61  0  1125  
86  159  61  0  1126  
87  159  61  0  1127  
88  159  61  0  1128  
81  160  61  0  1129  
82  160  61  0  1130  
83  160  61  0  1131  
84  160  61  0  1132  
85  160  61  0  1133  
86  160  61  0  1134  
87  160  61  0  1135  
88  160  61  0  1136  
81  161  61  0  1137  
82  161  61  0  1138  
83  161  61  0  1139  
84  161  61  0  1140  
85  161  61  0  1141  
86  161  61  0  1142  
87  161  61  0  1143  
88  161  61  0  1144  
81  162  61  0  1145  
82  162  61  0  1146  
83  162  61  0  1147  
84  162  61  0  1148  
85  162  61  0  1149  
86  162  61  0  1150  
87  162  61  0  1151  
88  162  61  0  1152  
81  163  61  0  1153  
82  163  61  0  1154  
83  163  61  0  1155  
84  163  61  0  1156  
85  163  61  0  1157  
86  163  61  0  1158  
87  163  61  0  1159  
88  163  61  0  1160  
81  164  61  0  1161  
82  164  61  0  1162  
83  164  61  0  1163  
84  164  61  0  1164  
85  164  61  0  1165  
86  164  61  0  1166  
87  164  61  0  1167  
88  164  61  0  1168  
83  165  61  0  1169  
84  165  61  0  1170  
85  165  61  0  1171  
86  165  61  0  1172  
83  166  61  0  1173  
84  166  61  0  1174  
85  166  61  0  1175  
86  166  61  0  1176  
87  151  62  0  1177  
88  151  62  0  1178  
87  152  62  0  1179  
88  152  62  0  1180  
85  153  62  0  1181  
86  153  62  0  1182  
87  153  62  0  1183  
88  153  62  0  1184  
85  154  62  0  1185  
86  154  62  0  1186  
87  154  62  0  1187  
88  154  62  0  1188  
83  155  62  0  1189  
84  155  62  0  1190  
85  155  62  0  1191  
86  155  62  0  1192  
87  155  62  0  1193  
88  155  62  0  1194  
83  156  62  0  1195  
84  156  62  0  1196  
85  156  62  0  1197  
86  156  62  0  1198  
87  156  62  0  1199  
88  156  62  0  1200  
81  157  62  0  1201  
82  157  62  0  1202  
83  157  62  0  1203  
84  157  62  0  1204  
85  157  62  0  1205  
86  157  62  0  1206  
87  157  62  0  1207  
88  157  62  0  1208  
81  158  62  0  1209  
82  158  62  0  1210  
83  158  62  0  1211  
84  158  62  0  1212  
85  158  62  0  1213  
86  158  62  0  1214  
87  158  62  0  1215  
88  158  62  0  1216  
81  159  62  0  1217  
82  159  62  0  1218  
83  159  62  0  1219  
84  159  62  0  1220  
85  159  62  0  1221  
86  159  62  0  1222  
87  159  62  0  1223  
88  159  62  0  1224  
81  160  62  0  1225  
82  160  62  0  1226  
83  160  62  0  1227  
84  160  62  0  1228  
85  160  62  0  1229  
86  160  62  0  1230  
87  160  62  0  1231  
88  160  62  0  1232  
81  161  62  0  1233  
82  161  62  0  1234  
83  161  62  0  1235  
84  161  62  0  1236  
85  161  62  0  1237  
86  161  62  0  1238  
87  161  62  0  1239  
88  161  62  0  1240  
81  162  62  0  1241  
82  162  62  0  1242  
83  162  62  0  1243  
84  162  62  0  1244  
85  162  62  0  1245  
86  162  62  0  1246  
87  162  62  0  1247  
88  162  62  0  1248  
81  163  62  0  1249  
82  163  62  0  1250  
83  163  62  0  1251  
84  163  62  0  1252  
85  163  62  0  1253  
86  163  62  0  1254  
87  163  62  0  1255  
88  163  62  0  1256  
81  164  62  0  1257  
82  164  62  0  1258  
83  164  62  0  1259  
84  164  62  0  1260  
85  164  62  0  1261  
86  164  62  0  1262  
87  164  62  0  1263  
88  164  62  0  1264  
83  165  62  0  1265  
84  165  62  0  1266  
85  165  62  0  1267  
86  165  62  0  1268  
83  166  62  0  1269  
84  166  62  0  1270  
85  166  62  0  1271  
86  166  62  0  1272  
87  153  63  0  1273  
88  153  63  0  1274  
87  154  63  0  1275  
88  154  63  0  1276  
85  155  63  0  1277  
86  155  63  0  1278  
87  155  63  0  1279  
88  155  63  0  1280  
85  156  63  0  1281  
86  156  63  0  1282  
87  156  63  0  1283  
88  156  63  0  1284  
85  157  63  0  1285  
86  157  63  0  1286  
87  157  63  0  1287  
88  157  63  0  1288  
85  158  63  0  1289  
86  158  63  0  1290  
87  158  63  0  1291  
88  158  63  0  1292  
83  159  63  0  1293  
84  159  63  0  1294  
85  159  63  0  1295  
86  159  63  0  1296  
87  159  63  0  1297  
88  159  63  0  1298  
83  160  63  0  1299  
84  160  63  0  1300  
85  160  63  0  1301  
86  160  63  0  1302  
87  160  63  0  1303  
88  160  63  0  1304  
83  161  63  0  1305  
84  161  63  0  1306  
85  161  63  0  1307  
86  161  63  0  1308  
87  161  63  0  1309  
88  161  63  0  1310  
83  162  63  0  1311  
84  162  63  0  1312  
85  162  63  0  1313  
86  162  63  0  1314  
87  162  63  0  1315  
88  162  63  0  1316  
83  163  63  0  1317  
84  163  63  0  1318  
85  163  63  0  1319  
86  163  63  0  1320  
87  163  63  0  1321  
88  163  63  0  1322  
83  164  63  0  1323  
84  164  63  0  1324  
85  164  63  0  1325  
86  164  63  0  1326  
87  164  63  0  1327  
88  164  63  0  1328  
87  153  64  0  1329  
88  153  64  0  1330  
87  154  64  0  1331  
88  154  64  0  1332  
85  155  64  0  1333  
86  155  64  0  1334  
87  155  64  0  1335  
88  155  64  0  1336  
85  156  64  0  1337  
86  156  64  0  1338  
87  156  64  0  1339  
88  156  64  0  1340  
85  157  64  0  1341  
86  157  64  0  1342  
87  157  64  0  1343  
88  157  64  0  1344  
85  158  64  0  1345  
86  158  64  0  1346  
87  158  64  0  1347  
88  158  64  0  1348  
83  159  64  0  1349  
84  159  64  0  1350  
85  159  64  0  1351  
86  159  64  0  1352  
87  159  64  0  1353  
88  159  64  0  1354  
83  160  64  0  1355  
84  160  64  0  1356  
85  160  64  0  1357  
86  160  64  0  1358  
87  160  64  0  1359  
88  160  64  0  1360  
83  161  64  0  1361  
84  161  64  0  1362  
85  161  64  0  1363  
86  161  64  0  1364  
87  161  64  0  1365  
88  161  64  0  1366  
83  162  64  0  1367  
84  162  64  0  1368  
85  162  64  0  1369  
86  162  64  0  1370  
87  162  64  0  1371  
88  162  64  0  1372  
83  163  64  0  1373  
84  163  64  0  1374  
85  163  64  0  1375  
86  163  64  0  1376  
87  163  64  0  1377  
88  163  64  0  1378  
83  164  64  0  1379  
84  164  64  0  1380  
85  164  64  0  1381  
86  164  64  0  1382  
87  164  64  0  1383  
88  164  64  0  1384  
