87  73  93  0  1  
88  73  93  0  2  
87  74  93  0  3  
88  74  93  0  4  
87  75  93  0  5  
88  75  93  0  6  
87  76  93  0  7  
88  76  93  0  8  
87  77  93  0  9  
88  77  93  0  10  
87  78  93  0  11  
88  78  93  0  12  
87  73  94  0  13  
88  73  94  0  14  
87  74  94  0  15  
88  74  94  0  16  
87  75  94  0  17  
88  75  94  0  18  
87  76  94  0  19  
88  76  94  0  20  
87  77  94  0  21  
88  77  94  0  22  
87  78  94  0  23  
88  78  94  0  24  
87  71  95  0  25  
88  71  95  0  26  
87  72  95  0  27  
88  72  95  0  28  
87  73  95  0  29  
88  73  95  0  30  
87  74  95  0  31  
88  74  95  0  32  
87  75  95  0  33  
88  75  95  0  34  
87  76  95  0  35  
88  76  95  0  36  
87  77  95  0  37  
88  77  95  0  38  
87  78  95  0  39  
88  78  95  0  40  
87  79  95  0  41  
88  79  95  0  42  
87  80  95  0  43  
88  80  95  0  44  
87  71  96  0  45  
88  71  96  0  46  
87  72  96  0  47  
88  72  96  0  48  
87  73  96  0  49  
88  73  96  0  50  
87  74  96  0  51  
88  74  96  0  52  
87  75  96  0  53  
88  75  96  0  54  
87  76  96  0  55  
88  76  96  0  56  
87  77  96  0  57  
88  77  96  0  58  
87  78  96  0  59  
88  78  96  0  60  
87  79  96  0  61  
88  79  96  0  62  
87  80  96  0  63  
88  80  96  0  64  
87  69  97  0  65  
88  69  97  0  66  
87  70  97  0  67  
88  70  97  0  68  
87  71  97  0  69  
88  71  97  0  70  
87  72  97  0  71  
88  72  97  0  72  
87  73  97  0  73  
88  73  97  0  74  
87  74  97  0  75  
88  74  97  0  76  
85  75  97  0  77  
86  75  97  0  78  
87  75  97  0  79  
88  75  97  0  80  
85  76  97  0  81  
86  76  97  0  82  
87  76  97  0  83  
88  76  97  0  84  
87  77  97  0  85  
88  77  97  0  86  
87  78  97  0  87  
88  78  97  0  88  
87  79  97  0  89  
88  79  97  0  90  
87  80  97  0  91  
88  80  97  0  92  
87  81  97  0  93  
88  81  97  0  94  
87  82  97  0  95  
88  82  97  0  96  
87  69  98  0  97  
88  69  98  0  98  
87  70  98  0  99  
88  70  98  0  100  
87  71  98  0  101  
88  71  98  0  102  
87  72  98  0  103  
88  72  98  0  104  
87  73  98  0  105  
88  73  98  0  106  
87  74  98  0  107  
88  74  98  0  108  
85  75  98  0  109  
86  75  98  0  110  
87  75  98  0  111  
88  75  98  0  112  
85  76  98  0  113  
86  76  98  0  114  
87  76  98  0  115  
88  76  98  0  116  
87  77  98  0  117  
88  77  98  0  118  
87  78  98  0  119  
88  78  98  0  120  
87  79  98  0  121  
88  79  98  0  122  
87  80  98  0  123  
88  80  98  0  124  
87  81  98  0  125  
88  81  98  0  126  
87  82  98  0  127  
88  82  98  0  128  
87  67  99  0  129  
88  67  99  0  130  
87  68  99  0  131  
88  68  99  0  132  
87  69  99  0  133  
88  69  99  0  134  
87  70  99  0  135  
88  70  99  0  136  
87  71  99  0  137  
88  71  99  0  138  
87  72  99  0  139  
88  72  99  0  140  
85  73  99  0  141  
86  73  99  0  142  
87  73  99  0  143  
88  73  99  0  144  
85  74  99  0  145  
86  74  99  0  146  
87  74  99  0  147  
88  74  99  0  148  
85  75  99  0  149  
86  75  99  0  150  
87  75  99  0  151  
88  75  99  0  152  
85  76  99  0  153  
86  76  99  0  154  
87  76  99  0  155  
88  76  99  0  156  
87  77  99  0  157  
88  77  99  0  158  
87  78  99  0  159  
88  78  99  0  160  
87  79  99  0  161  
88  79  99  0  162  
87  80  99  0  163  
88  80  99  0  164  
87  81  99  0  165  
88  81  99  0  166  
87  82  99  0  167  
88  82  99  0  168  
87  67  100  0  169  
88  67  100  0  170  
87  68  100  0  171  
88  68  100  0  172  
87  69  100  0  173  
88  69  100  0  174  
87  70  100  0  175  
88  70  100  0  176  
87  71  100  0  177  
88  71  100  0  178  
87  72  100  0  179  
88  72  100  0  180  
85  73  100  0  181  
86  73  100  0  182  
87  73  100  0  183  
88  73  100  0  184  
85  74  100  0  185  
86  74  100  0  186  
87  74  100  0  187  
88  74  100  0  188  
85  75  100  0  189  
86  75  100  0  190  
87  75  100  0  191  
88  75  100  0  192  
85  76  100  0  193  
86  76  100  0  194  
87  76  100  0  195  
88  76  100  0  196  
87  77  100  0  197  
88  77  100  0  198  
87  78  100  0  199  
88  78  100  0  200  
87  79  100  0  201  
88  79  100  0  202  
87  80  100  0  203  
88  80  100  0  204  
87  81  100  0  205  
88  81  100  0  206  
87  82  100  0  207  
88  82  100  0  208  
87  69  101  0  209  
88  69  101  0  210  
87  70  101  0  211  
88  70  101  0  212  
87  71  101  0  213  
88  71  101  0  214  
87  72  101  0  215  
88  72  101  0  216  
85  73  101  0  217  
86  73  101  0  218  
87  73  101  0  219  
88  73  101  0  220  
85  74  101  0  221  
86  74  101  0  222  
87  74  101  0  223  
88  74  101  0  224  
87  75  101  0  225  
88  75  101  0  226  
87  76  101  0  227  
88  76  101  0  228  
87  77  101  0  229  
88  77  101  0  230  
87  78  101  0  231  
88  78  101  0  232  
87  79  101  0  233  
88  79  101  0  234  
87  80  101  0  235  
88  80  101  0  236  
87  69  102  0  237  
88  69  102  0  238  
87  70  102  0  239  
88  70  102  0  240  
87  71  102  0  241  
88  71  102  0  242  
87  72  102  0  243  
88  72  102  0  244  
85  73  102  0  245  
86  73  102  0  246  
87  73  102  0  247  
88  73  102  0  248  
85  74  102  0  249  
86  74  102  0  250  
87  74  102  0  251  
88  74  102  0  252  
87  75  102  0  253  
88  75  102  0  254  
87  76  102  0  255  
88  76  102  0  256  
87  77  102  0  257  
88  77  102  0  258  
87  78  102  0  259  
88  78  102  0  260  
87  79  102  0  261  
88  79  102  0  262  
87  80  102  0  263  
88  80  102  0  264  
87  69  103  0  265  
88  69  103  0  266  
87  70  103  0  267  
88  70  103  0  268  
87  71  103  0  269  
88  71  103  0  270  
87  72  103  0  271  
88  72  103  0  272  
87  73  103  0  273  
88  73  103  0  274  
87  74  103  0  275  
88  74  103  0  276  
87  69  104  0  277  
88  69  104  0  278  
87  70  104  0  279  
88  70  104  0  280  
87  71  104  0  281  
88  71  104  0  282  
87  72  104  0  283  
88  72  104  0  284  
87  73  104  0  285  
88  73  104  0  286  
87  74  104  0  287  
88  74  104  0  288  
