131  51  91  0  1  
132  51  91  0  2  
133  51  91  0  3  
134  51  91  0  4  
131  52  91  0  5  
132  52  91  0  6  
133  52  91  0  7  
134  52  91  0  8  
131  53  91  0  9  
132  53  91  0  10  
133  53  91  0  11  
134  53  91  0  12  
131  54  91  0  13  
132  54  91  0  14  
133  54  91  0  15  
134  54  91  0  16  
131  55  91  0  17  
132  55  91  0  18  
133  55  91  0  19  
134  55  91  0  20  
135  55  91  0  21  
136  55  91  0  22  
131  56  91  0  23  
132  56  91  0  24  
133  56  91  0  25  
134  56  91  0  26  
135  56  91  0  27  
136  56  91  0  28  
131  57  91  0  29  
132  57  91  0  30  
133  57  91  0  31  
134  57  91  0  32  
135  57  91  0  33  
136  57  91  0  34  
131  58  91  0  35  
132  58  91  0  36  
133  58  91  0  37  
134  58  91  0  38  
135  58  91  0  39  
136  58  91  0  40  
135  59  91  0  41  
136  59  91  0  42  
135  60  91  0  43  
136  60  91  0  44  
131  51  92  0  45  
132  51  92  0  46  
133  51  92  0  47  
134  51  92  0  48  
131  52  92  0  49  
132  52  92  0  50  
133  52  92  0  51  
134  52  92  0  52  
131  53  92  0  53  
132  53  92  0  54  
133  53  92  0  55  
134  53  92  0  56  
131  54  92  0  57  
132  54  92  0  58  
133  54  92  0  59  
134  54  92  0  60  
131  55  92  0  61  
132  55  92  0  62  
133  55  92  0  63  
134  55  92  0  64  
135  55  92  0  65  
136  55  92  0  66  
131  56  92  0  67  
132  56  92  0  68  
133  56  92  0  69  
134  56  92  0  70  
135  56  92  0  71  
136  56  92  0  72  
131  57  92  0  73  
132  57  92  0  74  
133  57  92  0  75  
134  57  92  0  76  
135  57  92  0  77  
136  57  92  0  78  
131  58  92  0  79  
132  58  92  0  80  
133  58  92  0  81  
134  58  92  0  82  
135  58  92  0  83  
136  58  92  0  84  
135  59  92  0  85  
136  59  92  0  86  
135  60  92  0  87  
136  60  92  0  88  
131  49  93  0  89  
132  49  93  0  90  
131  50  93  0  91  
132  50  93  0  92  
129  51  93  0  93  
130  51  93  0  94  
131  51  93  0  95  
132  51  93  0  96  
133  51  93  0  97  
134  51  93  0  98  
129  52  93  0  99  
130  52  93  0  100  
131  52  93  0  101  
132  52  93  0  102  
133  52  93  0  103  
134  52  93  0  104  
129  53  93  0  105  
130  53  93  0  106  
131  53  93  0  107  
132  53  93  0  108  
133  53  93  0  109  
134  53  93  0  110  
135  53  93  0  111  
136  53  93  0  112  
129  54  93  0  113  
130  54  93  0  114  
131  54  93  0  115  
132  54  93  0  116  
133  54  93  0  117  
134  54  93  0  118  
135  54  93  0  119  
136  54  93  0  120  
131  55  93  0  121  
132  55  93  0  122  
133  55  93  0  123  
134  55  93  0  124  
135  55  93  0  125  
136  55  93  0  126  
131  56  93  0  127  
132  56  93  0  128  
133  56  93  0  129  
134  56  93  0  130  
135  56  93  0  131  
136  56  93  0  132  
131  57  93  0  133  
132  57  93  0  134  
133  57  93  0  135  
134  57  93  0  136  
135  57  93  0  137  
136  57  93  0  138  
131  58  93  0  139  
132  58  93  0  140  
133  58  93  0  141  
134  58  93  0  142  
135  58  93  0  143  
136  58  93  0  144  
133  59  93  0  145  
134  59  93  0  146  
135  59  93  0  147  
136  59  93  0  148  
133  60  93  0  149  
134  60  93  0  150  
135  60  93  0  151  
136  60  93  0  152  
135  61  93  0  153  
136  61  93  0  154  
135  62  93  0  155  
136  62  93  0  156  
131  49  94  0  157  
132  49  94  0  158  
131  50  94  0  159  
132  50  94  0  160  
129  51  94  0  161  
130  51  94  0  162  
131  51  94  0  163  
132  51  94  0  164  
133  51  94  0  165  
134  51  94  0  166  
129  52  94  0  167  
130  52  94  0  168  
131  52  94  0  169  
132  52  94  0  170  
133  52  94  0  171  
134  52  94  0  172  
129  53  94  0  173  
130  53  94  0  174  
131  53  94  0  175  
132  53  94  0  176  
133  53  94  0  177  
134  53  94  0  178  
135  53  94  0  179  
136  53  94  0  180  
129  54  94  0  181  
130  54  94  0  182  
131  54  94  0  183  
132  54  94  0  184  
133  54  94  0  185  
134  54  94  0  186  
135  54  94  0  187  
136  54  94  0  188  
131  55  94  0  189  
132  55  94  0  190  
133  55  94  0  191  
134  55  94  0  192  
135  55  94  0  193  
136  55  94  0  194  
131  56  94  0  195  
132  56  94  0  196  
133  56  94  0  197  
134  56  94  0  198  
135  56  94  0  199  
136  56  94  0  200  
131  57  94  0  201  
132  57  94  0  202  
133  57  94  0  203  
134  57  94  0  204  
135  57  94  0  205  
136  57  94  0  206  
131  58  94  0  207  
132  58  94  0  208  
133  58  94  0  209  
134  58  94  0  210  
135  58  94  0  211  
136  58  94  0  212  
133  59  94  0  213  
134  59  94  0  214  
135  59  94  0  215  
136  59  94  0  216  
133  60  94  0  217  
134  60  94  0  218  
135  60  94  0  219  
136  60  94  0  220  
135  61  94  0  221  
136  61  94  0  222  
135  62  94  0  223  
136  62  94  0  224  
131  49  95  0  225  
132  49  95  0  226  
131  50  95  0  227  
132  50  95  0  228  
129  51  95  0  229  
130  51  95  0  230  
131  51  95  0  231  
132  51  95  0  232  
133  51  95  0  233  
134  51  95  0  234  
129  52  95  0  235  
130  52  95  0  236  
131  52  95  0  237  
132  52  95  0  238  
133  52  95  0  239  
134  52  95  0  240  
129  53  95  0  241  
130  53  95  0  242  
131  53  95  0  243  
132  53  95  0  244  
133  53  95  0  245  
134  53  95  0  246  
135  53  95  0  247  
136  53  95  0  248  
129  54  95  0  249  
130  54  95  0  250  
131  54  95  0  251  
132  54  95  0  252  
133  54  95  0  253  
134  54  95  0  254  
135  54  95  0  255  
136  54  95  0  256  
131  55  95  0  257  
132  55  95  0  258  
133  55  95  0  259  
134  55  95  0  260  
135  55  95  0  261  
136  55  95  0  262  
131  56  95  0  263  
132  56  95  0  264  
133  56  95  0  265  
134  56  95  0  266  
135  56  95  0  267  
136  56  95  0  268  
131  57  95  0  269  
132  57  95  0  270  
133  57  95  0  271  
134  57  95  0  272  
135  57  95  0  273  
136  57  95  0  274  
131  58  95  0  275  
132  58  95  0  276  
133  58  95  0  277  
134  58  95  0  278  
135  58  95  0  279  
136  58  95  0  280  
133  59  95  0  281  
134  59  95  0  282  
135  59  95  0  283  
136  59  95  0  284  
137  59  95  0  285  
138  59  95  0  286  
133  60  95  0  287  
134  60  95  0  288  
135  60  95  0  289  
136  60  95  0  290  
137  60  95  0  291  
138  60  95  0  292  
135  61  95  0  293  
136  61  95  0  294  
135  62  95  0  295  
136  62  95  0  296  
131  49  96  0  297  
132  49  96  0  298  
131  50  96  0  299  
132  50  96  0  300  
129  51  96  0  301  
130  51  96  0  302  
131  51  96  0  303  
132  51  96  0  304  
133  51  96  0  305  
134  51  96  0  306  
129  52  96  0  307  
130  52  96  0  308  
131  52  96  0  309  
132  52  96  0  310  
133  52  96  0  311  
134  52  96  0  312  
129  53  96  0  313  
130  53  96  0  314  
131  53  96  0  315  
132  53  96  0  316  
133  53  96  0  317  
134  53  96  0  318  
135  53  96  0  319  
136  53  96  0  320  
129  54  96  0  321  
130  54  96  0  322  
131  54  96  0  323  
132  54  96  0  324  
133  54  96  0  325  
134  54  96  0  326  
135  54  96  0  327  
136  54  96  0  328  
131  55  96  0  329  
132  55  96  0  330  
133  55  96  0  331  
134  55  96  0  332  
135  55  96  0  333  
136  55  96  0  334  
131  56  96  0  335  
132  56  96  0  336  
133  56  96  0  337  
134  56  96  0  338  
135  56  96  0  339  
136  56  96  0  340  
131  57  96  0  341  
132  57  96  0  342  
133  57  96  0  343  
134  57  96  0  344  
135  57  96  0  345  
136  57  96  0  346  
131  58  96  0  347  
132  58  96  0  348  
133  58  96  0  349  
134  58  96  0  350  
135  58  96  0  351  
136  58  96  0  352  
133  59  96  0  353  
134  59  96  0  354  
135  59  96  0  355  
136  59  96  0  356  
137  59  96  0  357  
138  59  96  0  358  
133  60  96  0  359  
134  60  96  0  360  
135  60  96  0  361  
136  60  96  0  362  
137  60  96  0  363  
138  60  96  0  364  
135  61  96  0  365  
136  61  96  0  366  
135  62  96  0  367  
136  62  96  0  368  
131  51  97  0  369  
132  51  97  0  370  
131  52  97  0  371  
132  52  97  0  372  
131  53  97  0  373  
132  53  97  0  374  
133  53  97  0  375  
134  53  97  0  376  
131  54  97  0  377  
132  54  97  0  378  
133  54  97  0  379  
134  54  97  0  380  
131  55  97  0  381  
132  55  97  0  382  
133  55  97  0  383  
134  55  97  0  384  
131  56  97  0  385  
132  56  97  0  386  
133  56  97  0  387  
134  56  97  0  388  
133  57  97  0  389  
134  57  97  0  390  
135  57  97  0  391  
136  57  97  0  392  
133  58  97  0  393  
134  58  97  0  394  
135  58  97  0  395  
136  58  97  0  396  
135  59  97  0  397  
136  59  97  0  398  
135  60  97  0  399  
136  60  97  0  400  
131  51  98  0  401  
132  51  98  0  402  
131  52  98  0  403  
132  52  98  0  404  
131  53  98  0  405  
132  53  98  0  406  
133  53  98  0  407  
134  53  98  0  408  
131  54  98  0  409  
132  54  98  0  410  
133  54  98  0  411  
134  54  98  0  412  
131  55  98  0  413  
132  55  98  0  414  
133  55  98  0  415  
134  55  98  0  416  
131  56  98  0  417  
132  56  98  0  418  
133  56  98  0  419  
134  56  98  0  420  
133  57  98  0  421  
134  57  98  0  422  
135  57  98  0  423  
136  57  98  0  424  
133  58  98  0  425  
134  58  98  0  426  
135  58  98  0  427  
136  58  98  0  428  
135  59  98  0  429  
136  59  98  0  430  
135  60  98  0  431  
136  60  98  0  432  
