87  67  109  0  1  
88  67  109  0  2  
87  68  109  0  3  
88  68  109  0  4  
87  69  109  0  5  
88  69  109  0  6  
87  70  109  0  7  
88  70  109  0  8  
85  71  109  0  9  
86  71  109  0  10  
87  71  109  0  11  
88  71  109  0  12  
85  72  109  0  13  
86  72  109  0  14  
87  72  109  0  15  
88  72  109  0  16  
85  73  109  0  17  
86  73  109  0  18  
87  73  109  0  19  
88  73  109  0  20  
85  74  109  0  21  
86  74  109  0  22  
87  74  109  0  23  
88  74  109  0  24  
85  75  109  0  25  
86  75  109  0  26  
87  75  109  0  27  
88  75  109  0  28  
85  76  109  0  29  
86  76  109  0  30  
87  76  109  0  31  
88  76  109  0  32  
85  77  109  0  33  
86  77  109  0  34  
87  77  109  0  35  
88  77  109  0  36  
85  78  109  0  37  
86  78  109  0  38  
87  78  109  0  39  
88  78  109  0  40  
85  79  109  0  41  
86  79  109  0  42  
87  79  109  0  43  
88  79  109  0  44  
85  80  109  0  45  
86  80  109  0  46  
87  80  109  0  47  
88  80  109  0  48  
85  81  109  0  49  
86  81  109  0  50  
87  81  109  0  51  
88  81  109  0  52  
85  82  109  0  53  
86  82  109  0  54  
87  82  109  0  55  
88  82  109  0  56  
83  83  109  0  57  
84  83  109  0  58  
85  83  109  0  59  
86  83  109  0  60  
87  83  109  0  61  
88  83  109  0  62  
83  84  109  0  63  
84  84  109  0  64  
85  84  109  0  65  
86  84  109  0  66  
87  84  109  0  67  
88  84  109  0  68  
85  85  109  0  69  
86  85  109  0  70  
85  86  109  0  71  
86  86  109  0  72  
87  67  110  0  73  
88  67  110  0  74  
87  68  110  0  75  
88  68  110  0  76  
87  69  110  0  77  
88  69  110  0  78  
87  70  110  0  79  
88  70  110  0  80  
85  71  110  0  81  
86  71  110  0  82  
87  71  110  0  83  
88  71  110  0  84  
85  72  110  0  85  
86  72  110  0  86  
87  72  110  0  87  
88  72  110  0  88  
85  73  110  0  89  
86  73  110  0  90  
87  73  110  0  91  
88  73  110  0  92  
85  74  110  0  93  
86  74  110  0  94  
87  74  110  0  95  
88  74  110  0  96  
85  75  110  0  97  
86  75  110  0  98  
87  75  110  0  99  
88  75  110  0  100  
85  76  110  0  101  
86  76  110  0  102  
87  76  110  0  103  
88  76  110  0  104  
85  77  110  0  105  
86  77  110  0  106  
87  77  110  0  107  
88  77  110  0  108  
85  78  110  0  109  
86  78  110  0  110  
87  78  110  0  111  
88  78  110  0  112  
85  79  110  0  113  
86  79  110  0  114  
87  79  110  0  115  
88  79  110  0  116  
85  80  110  0  117  
86  80  110  0  118  
87  80  110  0  119  
88  80  110  0  120  
85  81  110  0  121  
86  81  110  0  122  
87  81  110  0  123  
88  81  110  0  124  
85  82  110  0  125  
86  82  110  0  126  
87  82  110  0  127  
88  82  110  0  128  
83  83  110  0  129  
84  83  110  0  130  
85  83  110  0  131  
86  83  110  0  132  
87  83  110  0  133  
88  83  110  0  134  
83  84  110  0  135  
84  84  110  0  136  
85  84  110  0  137  
86  84  110  0  138  
87  84  110  0  139  
88  84  110  0  140  
85  85  110  0  141  
86  85  110  0  142  
85  86  110  0  143  
86  86  110  0  144  
87  65  111  0  145  
88  65  111  0  146  
87  66  111  0  147  
88  66  111  0  148  
85  67  111  0  149  
86  67  111  0  150  
87  67  111  0  151  
88  67  111  0  152  
85  68  111  0  153  
86  68  111  0  154  
87  68  111  0  155  
88  68  111  0  156  
85  69  111  0  157  
86  69  111  0  158  
87  69  111  0  159  
88  69  111  0  160  
85  70  111  0  161  
86  70  111  0  162  
87  70  111  0  163  
88  70  111  0  164  
85  71  111  0  165  
86  71  111  0  166  
87  71  111  0  167  
88  71  111  0  168  
85  72  111  0  169  
86  72  111  0  170  
87  72  111  0  171  
88  72  111  0  172  
83  73  111  0  173  
84  73  111  0  174  
85  73  111  0  175  
86  73  111  0  176  
87  73  111  0  177  
88  73  111  0  178  
83  74  111  0  179  
84  74  111  0  180  
85  74  111  0  181  
86  74  111  0  182  
87  74  111  0  183  
88  74  111  0  184  
83  75  111  0  185  
84  75  111  0  186  
85  75  111  0  187  
86  75  111  0  188  
87  75  111  0  189  
88  75  111  0  190  
83  76  111  0  191  
84  76  111  0  192  
85  76  111  0  193  
86  76  111  0  194  
87  76  111  0  195  
88  76  111  0  196  
83  77  111  0  197  
84  77  111  0  198  
85  77  111  0  199  
86  77  111  0  200  
87  77  111  0  201  
88  77  111  0  202  
83  78  111  0  203  
84  78  111  0  204  
85  78  111  0  205  
86  78  111  0  206  
87  78  111  0  207  
88  78  111  0  208  
83  79  111  0  209  
84  79  111  0  210  
85  79  111  0  211  
86  79  111  0  212  
87  79  111  0  213  
88  79  111  0  214  
83  80  111  0  215  
84  80  111  0  216  
85  80  111  0  217  
86  80  111  0  218  
87  80  111  0  219  
88  80  111  0  220  
83  81  111  0  221  
84  81  111  0  222  
85  81  111  0  223  
86  81  111  0  224  
87  81  111  0  225  
88  81  111  0  226  
83  82  111  0  227  
84  82  111  0  228  
85  82  111  0  229  
86  82  111  0  230  
87  82  111  0  231  
88  82  111  0  232  
83  83  111  0  233  
84  83  111  0  234  
85  83  111  0  235  
86  83  111  0  236  
87  83  111  0  237  
88  83  111  0  238  
83  84  111  0  239  
84  84  111  0  240  
85  84  111  0  241  
86  84  111  0  242  
87  84  111  0  243  
88  84  111  0  244  
83  85  111  0  245  
84  85  111  0  246  
85  85  111  0  247  
86  85  111  0  248  
87  85  111  0  249  
88  85  111  0  250  
83  86  111  0  251  
84  86  111  0  252  
85  86  111  0  253  
86  86  111  0  254  
87  86  111  0  255  
88  86  111  0  256  
85  87  111  0  257  
86  87  111  0  258  
87  87  111  0  259  
88  87  111  0  260  
85  88  111  0  261  
86  88  111  0  262  
87  88  111  0  263  
88  88  111  0  264  
87  65  112  0  265  
88  65  112  0  266  
87  66  112  0  267  
88  66  112  0  268  
85  67  112  0  269  
86  67  112  0  270  
87  67  112  0  271  
88  67  112  0  272  
85  68  112  0  273  
86  68  112  0  274  
87  68  112  0  275  
88  68  112  0  276  
85  69  112  0  277  
86  69  112  0  278  
87  69  112  0  279  
88  69  112  0  280  
85  70  112  0  281  
86  70  112  0  282  
87  70  112  0  283  
88  70  112  0  284  
85  71  112  0  285  
86  71  112  0  286  
87  71  112  0  287  
88  71  112  0  288  
85  72  112  0  289  
86  72  112  0  290  
87  72  112  0  291  
88  72  112  0  292  
83  73  112  0  293  
84  73  112  0  294  
85  73  112  0  295  
86  73  112  0  296  
87  73  112  0  297  
88  73  112  0  298  
83  74  112  0  299  
84  74  112  0  300  
85  74  112  0  301  
86  74  112  0  302  
87  74  112  0  303  
88  74  112  0  304  
83  75  112  0  305  
84  75  112  0  306  
85  75  112  0  307  
86  75  112  0  308  
87  75  112  0  309  
88  75  112  0  310  
83  76  112  0  311  
84  76  112  0  312  
85  76  112  0  313  
86  76  112  0  314  
87  76  112  0  315  
88  76  112  0  316  
83  77  112  0  317  
84  77  112  0  318  
85  77  112  0  319  
86  77  112  0  320  
87  77  112  0  321  
88  77  112  0  322  
83  78  112  0  323  
84  78  112  0  324  
85  78  112  0  325  
86  78  112  0  326  
87  78  112  0  327  
88  78  112  0  328  
83  79  112  0  329  
84  79  112  0  330  
85  79  112  0  331  
86  79  112  0  332  
87  79  112  0  333  
88  79  112  0  334  
83  80  112  0  335  
84  80  112  0  336  
85  80  112  0  337  
86  80  112  0  338  
87  80  112  0  339  
88  80  112  0  340  
83  81  112  0  341  
84  81  112  0  342  
85  81  112  0  343  
86  81  112  0  344  
87  81  112  0  345  
88  81  112  0  346  
83  82  112  0  347  
84  82  112  0  348  
85  82  112  0  349  
86  82  112  0  350  
87  82  112  0  351  
88  82  112  0  352  
83  83  112  0  353  
84  83  112  0  354  
85  83  112  0  355  
86  83  112  0  356  
87  83  112  0  357  
88  83  112  0  358  
83  84  112  0  359  
84  84  112  0  360  
85  84  112  0  361  
86  84  112  0  362  
87  84  112  0  363  
88  84  112  0  364  
83  85  112  0  365  
84  85  112  0  366  
85  85  112  0  367  
86  85  112  0  368  
87  85  112  0  369  
88  85  112  0  370  
83  86  112  0  371  
84  86  112  0  372  
85  86  112  0  373  
86  86  112  0  374  
87  86  112  0  375  
88  86  112  0  376  
85  87  112  0  377  
86  87  112  0  378  
87  87  112  0  379  
88  87  112  0  380  
85  88  112  0  381  
86  88  112  0  382  
87  88  112  0  383  
88  88  112  0  384  
87  65  113  0  385  
88  65  113  0  386  
87  66  113  0  387  
88  66  113  0  388  
85  67  113  0  389  
86  67  113  0  390  
87  67  113  0  391  
88  67  113  0  392  
85  68  113  0  393  
86  68  113  0  394  
87  68  113  0  395  
88  68  113  0  396  
85  69  113  0  397  
86  69  113  0  398  
87  69  113  0  399  
88  69  113  0  400  
85  70  113  0  401  
86  70  113  0  402  
87  70  113  0  403  
88  70  113  0  404  
83  71  113  0  405  
84  71  113  0  406  
85  71  113  0  407  
86  71  113  0  408  
87  71  113  0  409  
88  71  113  0  410  
83  72  113  0  411  
84  72  113  0  412  
85  72  113  0  413  
86  72  113  0  414  
87  72  113  0  415  
88  72  113  0  416  
83  73  113  0  417  
84  73  113  0  418  
85  73  113  0  419  
86  73  113  0  420  
87  73  113  0  421  
88  73  113  0  422  
83  74  113  0  423  
84  74  113  0  424  
85  74  113  0  425  
86  74  113  0  426  
87  74  113  0  427  
88  74  113  0  428  
83  75  113  0  429  
84  75  113  0  430  
85  75  113  0  431  
86  75  113  0  432  
87  75  113  0  433  
88  75  113  0  434  
83  76  113  0  435  
84  76  113  0  436  
85  76  113  0  437  
86  76  113  0  438  
87  76  113  0  439  
88  76  113  0  440  
83  77  113  0  441  
84  77  113  0  442  
85  77  113  0  443  
86  77  113  0  444  
87  77  113  0  445  
88  77  113  0  446  
83  78  113  0  447  
84  78  113  0  448  
85  78  113  0  449  
86  78  113  0  450  
87  78  113  0  451  
88  78  113  0  452  
83  79  113  0  453  
84  79  113  0  454  
85  79  113  0  455  
86  79  113  0  456  
87  79  113  0  457  
88  79  113  0  458  
83  80  113  0  459  
84  80  113  0  460  
85  80  113  0  461  
86  80  113  0  462  
87  80  113  0  463  
88  80  113  0  464  
83  81  113  0  465  
84  81  113  0  466  
85  81  113  0  467  
86  81  113  0  468  
87  81  113  0  469  
88  81  113  0  470  
83  82  113  0  471  
84  82  113  0  472  
85  82  113  0  473  
86  82  113  0  474  
87  82  113  0  475  
88  82  113  0  476  
83  83  113  0  477  
84  83  113  0  478  
85  83  113  0  479  
86  83  113  0  480  
87  83  113  0  481  
88  83  113  0  482  
83  84  113  0  483  
84  84  113  0  484  
85  84  113  0  485  
86  84  113  0  486  
87  84  113  0  487  
88  84  113  0  488  
83  85  113  0  489  
84  85  113  0  490  
85  85  113  0  491  
86  85  113  0  492  
87  85  113  0  493  
88  85  113  0  494  
83  86  113  0  495  
84  86  113  0  496  
85  86  113  0  497  
86  86  113  0  498  
87  86  113  0  499  
88  86  113  0  500  
85  87  113  0  501  
86  87  113  0  502  
87  87  113  0  503  
88  87  113  0  504  
85  88  113  0  505  
86  88  113  0  506  
87  88  113  0  507  
88  88  113  0  508  
87  65  114  0  509  
88  65  114  0  510  
87  66  114  0  511  
88  66  114  0  512  
85  67  114  0  513  
86  67  114  0  514  
87  67  114  0  515  
88  67  114  0  516  
85  68  114  0  517  
86  68  114  0  518  
87  68  114  0  519  
88  68  114  0  520  
85  69  114  0  521  
86  69  114  0  522  
87  69  114  0  523  
88  69  114  0  524  
85  70  114  0  525  
86  70  114  0  526  
87  70  114  0  527  
88  70  114  0  528  
83  71  114  0  529  
84  71  114  0  530  
85  71  114  0  531  
86  71  114  0  532  
87  71  114  0  533  
88  71  114  0  534  
83  72  114  0  535  
84  72  114  0  536  
85  72  114  0  537  
86  72  114  0  538  
87  72  114  0  539  
88  72  114  0  540  
83  73  114  0  541  
84  73  114  0  542  
85  73  114  0  543  
86  73  114  0  544  
87  73  114  0  545  
88  73  114  0  546  
83  74  114  0  547  
84  74  114  0  548  
85  74  114  0  549  
86  74  114  0  550  
87  74  114  0  551  
88  74  114  0  552  
83  75  114  0  553  
84  75  114  0  554  
85  75  114  0  555  
86  75  114  0  556  
87  75  114  0  557  
88  75  114  0  558  
83  76  114  0  559  
84  76  114  0  560  
85  76  114  0  561  
86  76  114  0  562  
87  76  114  0  563  
88  76  114  0  564  
83  77  114  0  565  
84  77  114  0  566  
85  77  114  0  567  
86  77  114  0  568  
87  77  114  0  569  
88  77  114  0  570  
83  78  114  0  571  
84  78  114  0  572  
85  78  114  0  573  
86  78  114  0  574  
87  78  114  0  575  
88  78  114  0  576  
83  79  114  0  577  
84  79  114  0  578  
85  79  114  0  579  
86  79  114  0  580  
87  79  114  0  581  
88  79  114  0  582  
83  80  114  0  583  
84  80  114  0  584  
85  80  114  0  585  
86  80  114  0  586  
87  80  114  0  587  
88  80  114  0  588  
83  81  114  0  589  
84  81  114  0  590  
85  81  114  0  591  
86  81  114  0  592  
87  81  114  0  593  
88  81  114  0  594  
83  82  114  0  595  
84  82  114  0  596  
85  82  114  0  597  
86  82  114  0  598  
87  82  114  0  599  
88  82  114  0  600  
83  83  114  0  601  
84  83  114  0  602  
85  83  114  0  603  
86  83  114  0  604  
87  83  114  0  605  
88  83  114  0  606  
83  84  114  0  607  
84  84  114  0  608  
85  84  114  0  609  
86  84  114  0  610  
87  84  114  0  611  
88  84  114  0  612  
83  85  114  0  613  
84  85  114  0  614  
85  85  114  0  615  
86  85  114  0  616  
87  85  114  0  617  
88  85  114  0  618  
83  86  114  0  619  
84  86  114  0  620  
85  86  114  0  621  
86  86  114  0  622  
87  86  114  0  623  
88  86  114  0  624  
85  87  114  0  625  
86  87  114  0  626  
87  87  114  0  627  
88  87  114  0  628  
85  88  114  0  629  
86  88  114  0  630  
87  88  114  0  631  
88  88  114  0  632  
87  65  115  0  633  
88  65  115  0  634  
87  66  115  0  635  
88  66  115  0  636  
85  67  115  0  637  
86  67  115  0  638  
87  67  115  0  639  
88  67  115  0  640  
85  68  115  0  641  
86  68  115  0  642  
87  68  115  0  643  
88  68  115  0  644  
85  69  115  0  645  
86  69  115  0  646  
87  69  115  0  647  
88  69  115  0  648  
85  70  115  0  649  
86  70  115  0  650  
87  70  115  0  651  
88  70  115  0  652  
83  71  115  0  653  
84  71  115  0  654  
85  71  115  0  655  
86  71  115  0  656  
87  71  115  0  657  
88  71  115  0  658  
83  72  115  0  659  
84  72  115  0  660  
85  72  115  0  661  
86  72  115  0  662  
87  72  115  0  663  
88  72  115  0  664  
83  73  115  0  665  
84  73  115  0  666  
85  73  115  0  667  
86  73  115  0  668  
87  73  115  0  669  
88  73  115  0  670  
83  74  115  0  671  
84  74  115  0  672  
85  74  115  0  673  
86  74  115  0  674  
87  74  115  0  675  
88  74  115  0  676  
81  75  115  0  677  
82  75  115  0  678  
83  75  115  0  679  
84  75  115  0  680  
85  75  115  0  681  
86  75  115  0  682  
87  75  115  0  683  
88  75  115  0  684  
81  76  115  0  685  
82  76  115  0  686  
83  76  115  0  687  
84  76  115  0  688  
85  76  115  0  689  
86  76  115  0  690  
87  76  115  0  691  
88  76  115  0  692  
83  77  115  0  693  
84  77  115  0  694  
85  77  115  0  695  
86  77  115  0  696  
87  77  115  0  697  
88  77  115  0  698  
83  78  115  0  699  
84  78  115  0  700  
85  78  115  0  701  
86  78  115  0  702  
87  78  115  0  703  
88  78  115  0  704  
83  79  115  0  705  
84  79  115  0  706  
85  79  115  0  707  
86  79  115  0  708  
87  79  115  0  709  
88  79  115  0  710  
83  80  115  0  711  
84  80  115  0  712  
85  80  115  0  713  
86  80  115  0  714  
87  80  115  0  715  
88  80  115  0  716  
83  81  115  0  717  
84  81  115  0  718  
85  81  115  0  719  
86  81  115  0  720  
87  81  115  0  721  
88  81  115  0  722  
83  82  115  0  723  
84  82  115  0  724  
85  82  115  0  725  
86  82  115  0  726  
87  82  115  0  727  
88  82  115  0  728  
83  83  115  0  729  
84  83  115  0  730  
85  83  115  0  731  
86  83  115  0  732  
87  83  115  0  733  
88  83  115  0  734  
83  84  115  0  735  
84  84  115  0  736  
85  84  115  0  737  
86  84  115  0  738  
87  84  115  0  739  
88  84  115  0  740  
85  85  115  0  741  
86  85  115  0  742  
87  85  115  0  743  
88  85  115  0  744  
85  86  115  0  745  
86  86  115  0  746  
87  86  115  0  747  
88  86  115  0  748  
87  87  115  0  749  
88  87  115  0  750  
87  88  115  0  751  
88  88  115  0  752  
87  65  116  0  753  
88  65  116  0  754  
87  66  116  0  755  
88  66  116  0  756  
85  67  116  0  757  
86  67  116  0  758  
87  67  116  0  759  
88  67  116  0  760  
85  68  116  0  761  
86  68  116  0  762  
87  68  116  0  763  
88  68  116  0  764  
85  69  116  0  765  
86  69  116  0  766  
87  69  116  0  767  
88  69  116  0  768  
85  70  116  0  769  
86  70  116  0  770  
87  70  116  0  771  
88  70  116  0  772  
83  71  116  0  773  
84  71  116  0  774  
85  71  116  0  775  
86  71  116  0  776  
87  71  116  0  777  
88  71  116  0  778  
83  72  116  0  779  
84  72  116  0  780  
85  72  116  0  781  
86  72  116  0  782  
87  72  116  0  783  
88  72  116  0  784  
83  73  116  0  785  
84  73  116  0  786  
85  73  116  0  787  
86  73  116  0  788  
87  73  116  0  789  
88  73  116  0  790  
83  74  116  0  791  
84  74  116  0  792  
85  74  116  0  793  
86  74  116  0  794  
87  74  116  0  795  
88  74  116  0  796  
81  75  116  0  797  
82  75  116  0  798  
83  75  116  0  799  
84  75  116  0  800  
85  75  116  0  801  
86  75  116  0  802  
87  75  116  0  803  
88  75  116  0  804  
81  76  116  0  805  
82  76  116  0  806  
83  76  116  0  807  
84  76  116  0  808  
85  76  116  0  809  
86  76  116  0  810  
87  76  116  0  811  
88  76  116  0  812  
83  77  116  0  813  
84  77  116  0  814  
85  77  116  0  815  
86  77  116  0  816  
87  77  116  0  817  
88  77  116  0  818  
83  78  116  0  819  
84  78  116  0  820  
85  78  116  0  821  
86  78  116  0  822  
87  78  116  0  823  
88  78  116  0  824  
83  79  116  0  825  
84  79  116  0  826  
85  79  116  0  827  
86  79  116  0  828  
87  79  116  0  829  
88  79  116  0  830  
83  80  116  0  831  
84  80  116  0  832  
85  80  116  0  833  
86  80  116  0  834  
87  80  116  0  835  
88  80  116  0  836  
83  81  116  0  837  
84  81  116  0  838  
85  81  116  0  839  
86  81  116  0  840  
87  81  116  0  841  
88  81  116  0  842  
83  82  116  0  843  
84  82  116  0  844  
85  82  116  0  845  
86  82  116  0  846  
87  82  116  0  847  
88  82  116  0  848  
83  83  116  0  849  
84  83  116  0  850  
85  83  116  0  851  
86  83  116  0  852  
87  83  116  0  853  
88  83  116  0  854  
83  84  116  0  855  
84  84  116  0  856  
85  84  116  0  857  
86  84  116  0  858  
87  84  116  0  859  
88  84  116  0  860  
85  85  116  0  861  
86  85  116  0  862  
87  85  116  0  863  
88  85  116  0  864  
85  86  116  0  865  
86  86  116  0  866  
87  86  116  0  867  
88  86  116  0  868  
87  87  116  0  869  
88  87  116  0  870  
87  88  116  0  871  
88  88  116  0  872  
87  65  117  0  873  
88  65  117  0  874  
87  66  117  0  875  
88  66  117  0  876  
87  67  117  0  877  
88  67  117  0  878  
87  68  117  0  879  
88  68  117  0  880  
85  69  117  0  881  
86  69  117  0  882  
87  69  117  0  883  
88  69  117  0  884  
85  70  117  0  885  
86  70  117  0  886  
87  70  117  0  887  
88  70  117  0  888  
83  71  117  0  889  
84  71  117  0  890  
85  71  117  0  891  
86  71  117  0  892  
87  71  117  0  893  
88  71  117  0  894  
83  72  117  0  895  
84  72  117  0  896  
85  72  117  0  897  
86  72  117  0  898  
87  72  117  0  899  
88  72  117  0  900  
83  73  117  0  901  
84  73  117  0  902  
85  73  117  0  903  
86  73  117  0  904  
87  73  117  0  905  
88  73  117  0  906  
83  74  117  0  907  
84  74  117  0  908  
85  74  117  0  909  
86  74  117  0  910  
87  74  117  0  911  
88  74  117  0  912  
83  75  117  0  913  
84  75  117  0  914  
85  75  117  0  915  
86  75  117  0  916  
87  75  117  0  917  
88  75  117  0  918  
83  76  117  0  919  
84  76  117  0  920  
85  76  117  0  921  
86  76  117  0  922  
87  76  117  0  923  
88  76  117  0  924  
85  77  117  0  925  
86  77  117  0  926  
87  77  117  0  927  
88  77  117  0  928  
85  78  117  0  929  
86  78  117  0  930  
87  78  117  0  931  
88  78  117  0  932  
87  65  118  0  933  
88  65  118  0  934  
87  66  118  0  935  
88  66  118  0  936  
87  67  118  0  937  
88  67  118  0  938  
87  68  118  0  939  
88  68  118  0  940  
85  69  118  0  941  
86  69  118  0  942  
87  69  118  0  943  
88  69  118  0  944  
85  70  118  0  945  
86  70  118  0  946  
87  70  118  0  947  
88  70  118  0  948  
83  71  118  0  949  
84  71  118  0  950  
85  71  118  0  951  
86  71  118  0  952  
87  71  118  0  953  
88  71  118  0  954  
83  72  118  0  955  
84  72  118  0  956  
85  72  118  0  957  
86  72  118  0  958  
87  72  118  0  959  
88  72  118  0  960  
83  73  118  0  961  
84  73  118  0  962  
85  73  118  0  963  
86  73  118  0  964  
87  73  118  0  965  
88  73  118  0  966  
83  74  118  0  967  
84  74  118  0  968  
85  74  118  0  969  
86  74  118  0  970  
87  74  118  0  971  
88  74  118  0  972  
83  75  118  0  973  
84  75  118  0  974  
85  75  118  0  975  
86  75  118  0  976  
87  75  118  0  977  
88  75  118  0  978  
83  76  118  0  979  
84  76  118  0  980  
85  76  118  0  981  
86  76  118  0  982  
87  76  118  0  983  
88  76  118  0  984  
85  77  118  0  985  
86  77  118  0  986  
87  77  118  0  987  
88  77  118  0  988  
85  78  118  0  989  
86  78  118  0  990  
87  78  118  0  991  
88  78  118  0  992  
87  65  119  0  993  
88  65  119  0  994  
87  66  119  0  995  
88  66  119  0  996  
87  67  119  0  997  
88  67  119  0  998  
87  68  119  0  999  
88  68  119  0  1000  
87  69  119  0  1001  
88  69  119  0  1002  
87  70  119  0  1003  
88  70  119  0  1004  
87  71  119  0  1005  
88  71  119  0  1006  
87  72  119  0  1007  
88  72  119  0  1008  
87  73  119  0  1009  
88  73  119  0  1010  
87  74  119  0  1011  
88  74  119  0  1012  
87  65  120  0  1013  
88  65  120  0  1014  
87  66  120  0  1015  
88  66  120  0  1016  
87  67  120  0  1017  
88  67  120  0  1018  
87  68  120  0  1019  
88  68  120  0  1020  
87  69  120  0  1021  
88  69  120  0  1022  
87  70  120  0  1023  
88  70  120  0  1024  
87  71  120  0  1025  
88  71  120  0  1026  
87  72  120  0  1027  
88  72  120  0  1028  
87  73  120  0  1029  
88  73  120  0  1030  
87  74  120  0  1031  
88  74  120  0  1032  
87  65  121  0  1033  
88  65  121  0  1034  
87  66  121  0  1035  
88  66  121  0  1036  
87  67  121  0  1037  
88  67  121  0  1038  
87  68  121  0  1039  
88  68  121  0  1040  
87  69  121  0  1041  
88  69  121  0  1042  
87  70  121  0  1043  
88  70  121  0  1044  
87  65  122  0  1045  
88  65  122  0  1046  
87  66  122  0  1047  
88  66  122  0  1048  
87  67  122  0  1049  
88  67  122  0  1050  
87  68  122  0  1051  
88  68  122  0  1052  
87  69  122  0  1053  
88  69  122  0  1054  
87  70  122  0  1055  
88  70  122  0  1056  
