93  71  89  0  1  
94  71  89  0  2  
93  72  89  0  3  
94  72  89  0  4  
91  73  89  0  5  
92  73  89  0  6  
93  73  89  0  7  
94  73  89  0  8  
95  73  89  0  9  
96  73  89  0  10  
91  74  89  0  11  
92  74  89  0  12  
93  74  89  0  13  
94  74  89  0  14  
95  74  89  0  15  
96  74  89  0  16  
93  75  89  0  17  
94  75  89  0  18  
93  76  89  0  19  
94  76  89  0  20  
93  71  90  0  21  
94  71  90  0  22  
93  72  90  0  23  
94  72  90  0  24  
91  73  90  0  25  
92  73  90  0  26  
93  73  90  0  27  
94  73  90  0  28  
95  73  90  0  29  
96  73  90  0  30  
91  74  90  0  31  
92  74  90  0  32  
93  74  90  0  33  
94  74  90  0  34  
95  74  90  0  35  
96  74  90  0  36  
93  75  90  0  37  
94  75  90  0  38  
93  76  90  0  39  
94  76  90  0  40  
93  67  91  0  41  
94  67  91  0  42  
93  68  91  0  43  
94  68  91  0  44  
91  69  91  0  45  
92  69  91  0  46  
93  69  91  0  47  
94  69  91  0  48  
95  69  91  0  49  
96  69  91  0  50  
91  70  91  0  51  
92  70  91  0  52  
93  70  91  0  53  
94  70  91  0  54  
95  70  91  0  55  
96  70  91  0  56  
91  71  91  0  57  
92  71  91  0  58  
93  71  91  0  59  
94  71  91  0  60  
95  71  91  0  61  
96  71  91  0  62  
91  72  91  0  63  
92  72  91  0  64  
93  72  91  0  65  
94  72  91  0  66  
95  72  91  0  67  
96  72  91  0  68  
91  73  91  0  69  
92  73  91  0  70  
93  73  91  0  71  
94  73  91  0  72  
95  73  91  0  73  
96  73  91  0  74  
97  73  91  0  75  
98  73  91  0  76  
91  74  91  0  77  
92  74  91  0  78  
93  74  91  0  79  
94  74  91  0  80  
95  74  91  0  81  
96  74  91  0  82  
97  74  91  0  83  
98  74  91  0  84  
91  75  91  0  85  
92  75  91  0  86  
93  75  91  0  87  
94  75  91  0  88  
95  75  91  0  89  
96  75  91  0  90  
91  76  91  0  91  
92  76  91  0  92  
93  76  91  0  93  
94  76  91  0  94  
95  76  91  0  95  
96  76  91  0  96  
91  77  91  0  97  
92  77  91  0  98  
93  77  91  0  99  
94  77  91  0  100  
95  77  91  0  101  
96  77  91  0  102  
91  78  91  0  103  
92  78  91  0  104  
93  78  91  0  105  
94  78  91  0  106  
95  78  91  0  107  
96  78  91  0  108  
93  67  92  0  109  
94  67  92  0  110  
93  68  92  0  111  
94  68  92  0  112  
91  69  92  0  113  
92  69  92  0  114  
93  69  92  0  115  
94  69  92  0  116  
95  69  92  0  117  
96  69  92  0  118  
91  70  92  0  119  
92  70  92  0  120  
93  70  92  0  121  
94  70  92  0  122  
95  70  92  0  123  
96  70  92  0  124  
91  71  92  0  125  
92  71  92  0  126  
93  71  92  0  127  
94  71  92  0  128  
95  71  92  0  129  
96  71  92  0  130  
91  72  92  0  131  
92  72  92  0  132  
93  72  92  0  133  
94  72  92  0  134  
95  72  92  0  135  
96  72  92  0  136  
91  73  92  0  137  
92  73  92  0  138  
93  73  92  0  139  
94  73  92  0  140  
95  73  92  0  141  
96  73  92  0  142  
97  73  92  0  143  
98  73  92  0  144  
91  74  92  0  145  
92  74  92  0  146  
93  74  92  0  147  
94  74  92  0  148  
95  74  92  0  149  
96  74  92  0  150  
97  74  92  0  151  
98  74  92  0  152  
91  75  92  0  153  
92  75  92  0  154  
93  75  92  0  155  
94  75  92  0  156  
95  75  92  0  157  
96  75  92  0  158  
91  76  92  0  159  
92  76  92  0  160  
93  76  92  0  161  
94  76  92  0  162  
95  76  92  0  163  
96  76  92  0  164  
91  77  92  0  165  
92  77  92  0  166  
93  77  92  0  167  
94  77  92  0  168  
95  77  92  0  169  
96  77  92  0  170  
91  78  92  0  171  
92  78  92  0  172  
93  78  92  0  173  
94  78  92  0  174  
95  78  92  0  175  
96  78  92  0  176  
91  67  93  0  177  
92  67  93  0  178  
93  67  93  0  179  
94  67  93  0  180  
95  67  93  0  181  
96  67  93  0  182  
91  68  93  0  183  
92  68  93  0  184  
93  68  93  0  185  
94  68  93  0  186  
95  68  93  0  187  
96  68  93  0  188  
91  69  93  0  189  
92  69  93  0  190  
93  69  93  0  191  
94  69  93  0  192  
95  69  93  0  193  
96  69  93  0  194  
91  70  93  0  195  
92  70  93  0  196  
93  70  93  0  197  
94  70  93  0  198  
95  70  93  0  199  
96  70  93  0  200  
91  71  93  0  201  
92  71  93  0  202  
93  71  93  0  203  
94  71  93  0  204  
95  71  93  0  205  
96  71  93  0  206  
97  71  93  0  207  
98  71  93  0  208  
91  72  93  0  209  
92  72  93  0  210  
93  72  93  0  211  
94  72  93  0  212  
95  72  93  0  213  
96  72  93  0  214  
97  72  93  0  215  
98  72  93  0  216  
91  73  93  0  217  
92  73  93  0  218  
93  73  93  0  219  
94  73  93  0  220  
95  73  93  0  221  
96  73  93  0  222  
97  73  93  0  223  
98  73  93  0  224  
91  74  93  0  225  
92  74  93  0  226  
93  74  93  0  227  
94  74  93  0  228  
95  74  93  0  229  
96  74  93  0  230  
97  74  93  0  231  
98  74  93  0  232  
91  75  93  0  233  
92  75  93  0  234  
93  75  93  0  235  
94  75  93  0  236  
95  75  93  0  237  
96  75  93  0  238  
97  75  93  0  239  
98  75  93  0  240  
91  76  93  0  241  
92  76  93  0  242  
93  76  93  0  243  
94  76  93  0  244  
95  76  93  0  245  
96  76  93  0  246  
97  76  93  0  247  
98  76  93  0  248  
91  77  93  0  249  
92  77  93  0  250  
93  77  93  0  251  
94  77  93  0  252  
95  77  93  0  253  
96  77  93  0  254  
91  78  93  0  255  
92  78  93  0  256  
93  78  93  0  257  
94  78  93  0  258  
95  78  93  0  259  
96  78  93  0  260  
91  79  93  0  261  
92  79  93  0  262  
93  79  93  0  263  
94  79  93  0  264  
91  80  93  0  265  
92  80  93  0  266  
93  80  93  0  267  
94  80  93  0  268  
91  67  94  0  269  
92  67  94  0  270  
93  67  94  0  271  
94  67  94  0  272  
95  67  94  0  273  
96  67  94  0  274  
91  68  94  0  275  
92  68  94  0  276  
93  68  94  0  277  
94  68  94  0  278  
95  68  94  0  279  
96  68  94  0  280  
91  69  94  0  281  
92  69  94  0  282  
93  69  94  0  283  
94  69  94  0  284  
95  69  94  0  285  
96  69  94  0  286  
91  70  94  0  287  
92  70  94  0  288  
93  70  94  0  289  
94  70  94  0  290  
95  70  94  0  291  
96  70  94  0  292  
91  71  94  0  293  
92  71  94  0  294  
93  71  94  0  295  
94  71  94  0  296  
95  71  94  0  297  
96  71  94  0  298  
97  71  94  0  299  
98  71  94  0  300  
91  72  94  0  301  
92  72  94  0  302  
93  72  94  0  303  
94  72  94  0  304  
95  72  94  0  305  
96  72  94  0  306  
97  72  94  0  307  
98  72  94  0  308  
91  73  94  0  309  
92  73  94  0  310  
93  73  94  0  311  
94  73  94  0  312  
95  73  94  0  313  
96  73  94  0  314  
97  73  94  0  315  
98  73  94  0  316  
91  74  94  0  317  
92  74  94  0  318  
93  74  94  0  319  
94  74  94  0  320  
95  74  94  0  321  
96  74  94  0  322  
97  74  94  0  323  
98  74  94  0  324  
91  75  94  0  325  
92  75  94  0  326  
93  75  94  0  327  
94  75  94  0  328  
95  75  94  0  329  
96  75  94  0  330  
97  75  94  0  331  
98  75  94  0  332  
91  76  94  0  333  
92  76  94  0  334  
93  76  94  0  335  
94  76  94  0  336  
95  76  94  0  337  
96  76  94  0  338  
97  76  94  0  339  
98  76  94  0  340  
91  77  94  0  341  
92  77  94  0  342  
93  77  94  0  343  
94  77  94  0  344  
95  77  94  0  345  
96  77  94  0  346  
91  78  94  0  347  
92  78  94  0  348  
93  78  94  0  349  
94  78  94  0  350  
95  78  94  0  351  
96  78  94  0  352  
91  79  94  0  353  
92  79  94  0  354  
93  79  94  0  355  
94  79  94  0  356  
91  80  94  0  357  
92  80  94  0  358  
93  80  94  0  359  
94  80  94  0  360  
91  65  95  0  361  
92  65  95  0  362  
93  65  95  0  363  
94  65  95  0  364  
91  66  95  0  365  
92  66  95  0  366  
93  66  95  0  367  
94  66  95  0  368  
91  67  95  0  369  
92  67  95  0  370  
93  67  95  0  371  
94  67  95  0  372  
95  67  95  0  373  
96  67  95  0  374  
91  68  95  0  375  
92  68  95  0  376  
93  68  95  0  377  
94  68  95  0  378  
95  68  95  0  379  
96  68  95  0  380  
91  69  95  0  381  
92  69  95  0  382  
93  69  95  0  383  
94  69  95  0  384  
95  69  95  0  385  
96  69  95  0  386  
97  69  95  0  387  
98  69  95  0  388  
91  70  95  0  389  
92  70  95  0  390  
93  70  95  0  391  
94  70  95  0  392  
95  70  95  0  393  
96  70  95  0  394  
97  70  95  0  395  
98  70  95  0  396  
91  71  95  0  397  
92  71  95  0  398  
93  71  95  0  399  
94  71  95  0  400  
95  71  95  0  401  
96  71  95  0  402  
97  71  95  0  403  
98  71  95  0  404  
91  72  95  0  405  
92  72  95  0  406  
93  72  95  0  407  
94  72  95  0  408  
95  72  95  0  409  
96  72  95  0  410  
97  72  95  0  411  
98  72  95  0  412  
91  73  95  0  413  
92  73  95  0  414  
93  73  95  0  415  
94  73  95  0  416  
95  73  95  0  417  
96  73  95  0  418  
97  73  95  0  419  
98  73  95  0  420  
91  74  95  0  421  
92  74  95  0  422  
93  74  95  0  423  
94  74  95  0  424  
95  74  95  0  425  
96  74  95  0  426  
97  74  95  0  427  
98  74  95  0  428  
91  75  95  0  429  
92  75  95  0  430  
93  75  95  0  431  
94  75  95  0  432  
95  75  95  0  433  
96  75  95  0  434  
97  75  95  0  435  
98  75  95  0  436  
91  76  95  0  437  
92  76  95  0  438  
93  76  95  0  439  
94  76  95  0  440  
95  76  95  0  441  
96  76  95  0  442  
97  76  95  0  443  
98  76  95  0  444  
91  77  95  0  445  
92  77  95  0  446  
93  77  95  0  447  
94  77  95  0  448  
95  77  95  0  449  
96  77  95  0  450  
91  78  95  0  451  
92  78  95  0  452  
93  78  95  0  453  
94  78  95  0  454  
95  78  95  0  455  
96  78  95  0  456  
91  79  95  0  457  
92  79  95  0  458  
93  79  95  0  459  
94  79  95  0  460  
91  80  95  0  461  
92  80  95  0  462  
93  80  95  0  463  
94  80  95  0  464  
91  65  96  0  465  
92  65  96  0  466  
93  65  96  0  467  
94  65  96  0  468  
91  66  96  0  469  
92  66  96  0  470  
93  66  96  0  471  
94  66  96  0  472  
91  67  96  0  473  
92  67  96  0  474  
93  67  96  0  475  
94  67  96  0  476  
95  67  96  0  477  
96  67  96  0  478  
91  68  96  0  479  
92  68  96  0  480  
93  68  96  0  481  
94  68  96  0  482  
95  68  96  0  483  
96  68  96  0  484  
91  69  96  0  485  
92  69  96  0  486  
93  69  96  0  487  
94  69  96  0  488  
95  69  96  0  489  
96  69  96  0  490  
97  69  96  0  491  
98  69  96  0  492  
91  70  96  0  493  
92  70  96  0  494  
93  70  96  0  495  
94  70  96  0  496  
95  70  96  0  497  
96  70  96  0  498  
97  70  96  0  499  
98  70  96  0  500  
91  71  96  0  501  
92  71  96  0  502  
93  71  96  0  503  
94  71  96  0  504  
95  71  96  0  505  
96  71  96  0  506  
97  71  96  0  507  
98  71  96  0  508  
91  72  96  0  509  
92  72  96  0  510  
93  72  96  0  511  
94  72  96  0  512  
95  72  96  0  513  
96  72  96  0  514  
97  72  96  0  515  
98  72  96  0  516  
91  73  96  0  517  
92  73  96  0  518  
93  73  96  0  519  
94  73  96  0  520  
95  73  96  0  521  
96  73  96  0  522  
97  73  96  0  523  
98  73  96  0  524  
91  74  96  0  525  
92  74  96  0  526  
93  74  96  0  527  
94  74  96  0  528  
95  74  96  0  529  
96  74  96  0  530  
97  74  96  0  531  
98  74  96  0  532  
91  75  96  0  533  
92  75  96  0  534  
93  75  96  0  535  
94  75  96  0  536  
95  75  96  0  537  
96  75  96  0  538  
97  75  96  0  539  
98  75  96  0  540  
91  76  96  0  541  
92  76  96  0  542  
93  76  96  0  543  
94  76  96  0  544  
95  76  96  0  545  
96  76  96  0  546  
97  76  96  0  547  
98  76  96  0  548  
91  77  96  0  549  
92  77  96  0  550  
93  77  96  0  551  
94  77  96  0  552  
95  77  96  0  553  
96  77  96  0  554  
91  78  96  0  555  
92  78  96  0  556  
93  78  96  0  557  
94  78  96  0  558  
95  78  96  0  559  
96  78  96  0  560  
91  79  96  0  561  
92  79  96  0  562  
93  79  96  0  563  
94  79  96  0  564  
91  80  96  0  565  
92  80  96  0  566  
93  80  96  0  567  
94  80  96  0  568  
91  65  97  0  569  
92  65  97  0  570  
93  65  97  0  571  
94  65  97  0  572  
95  65  97  0  573  
96  65  97  0  574  
91  66  97  0  575  
92  66  97  0  576  
93  66  97  0  577  
94  66  97  0  578  
95  66  97  0  579  
96  66  97  0  580  
91  67  97  0  581  
92  67  97  0  582  
93  67  97  0  583  
94  67  97  0  584  
95  67  97  0  585  
96  67  97  0  586  
97  67  97  0  587  
98  67  97  0  588  
91  68  97  0  589  
92  68  97  0  590  
93  68  97  0  591  
94  68  97  0  592  
95  68  97  0  593  
96  68  97  0  594  
97  68  97  0  595  
98  68  97  0  596  
91  69  97  0  597  
92  69  97  0  598  
93  69  97  0  599  
94  69  97  0  600  
95  69  97  0  601  
96  69  97  0  602  
97  69  97  0  603  
98  69  97  0  604  
91  70  97  0  605  
92  70  97  0  606  
93  70  97  0  607  
94  70  97  0  608  
95  70  97  0  609  
96  70  97  0  610  
97  70  97  0  611  
98  70  97  0  612  
91  71  97  0  613  
92  71  97  0  614  
93  71  97  0  615  
94  71  97  0  616  
95  71  97  0  617  
96  71  97  0  618  
97  71  97  0  619  
98  71  97  0  620  
91  72  97  0  621  
92  72  97  0  622  
93  72  97  0  623  
94  72  97  0  624  
95  72  97  0  625  
96  72  97  0  626  
97  72  97  0  627  
98  72  97  0  628  
91  73  97  0  629  
92  73  97  0  630  
93  73  97  0  631  
94  73  97  0  632  
95  73  97  0  633  
96  73  97  0  634  
91  74  97  0  635  
92  74  97  0  636  
93  74  97  0  637  
94  74  97  0  638  
95  74  97  0  639  
96  74  97  0  640  
91  75  97  0  641  
92  75  97  0  642  
93  75  97  0  643  
94  75  97  0  644  
95  75  97  0  645  
96  75  97  0  646  
91  76  97  0  647  
92  76  97  0  648  
93  76  97  0  649  
94  76  97  0  650  
95  76  97  0  651  
96  76  97  0  652  
91  77  97  0  653  
92  77  97  0  654  
93  77  97  0  655  
94  77  97  0  656  
95  77  97  0  657  
96  77  97  0  658  
91  78  97  0  659  
92  78  97  0  660  
93  78  97  0  661  
94  78  97  0  662  
95  78  97  0  663  
96  78  97  0  664  
91  79  97  0  665  
92  79  97  0  666  
93  79  97  0  667  
94  79  97  0  668  
91  80  97  0  669  
92  80  97  0  670  
93  80  97  0  671  
94  80  97  0  672  
91  81  97  0  673  
92  81  97  0  674  
91  82  97  0  675  
92  82  97  0  676  
91  65  98  0  677  
92  65  98  0  678  
93  65  98  0  679  
94  65  98  0  680  
95  65  98  0  681  
96  65  98  0  682  
91  66  98  0  683  
92  66  98  0  684  
93  66  98  0  685  
94  66  98  0  686  
95  66  98  0  687  
96  66  98  0  688  
91  67  98  0  689  
92  67  98  0  690  
93  67  98  0  691  
94  67  98  0  692  
95  67  98  0  693  
96  67  98  0  694  
97  67  98  0  695  
98  67  98  0  696  
91  68  98  0  697  
92  68  98  0  698  
93  68  98  0  699  
94  68  98  0  700  
95  68  98  0  701  
96  68  98  0  702  
97  68  98  0  703  
98  68  98  0  704  
91  69  98  0  705  
92  69  98  0  706  
93  69  98  0  707  
94  69  98  0  708  
95  69  98  0  709  
96  69  98  0  710  
97  69  98  0  711  
98  69  98  0  712  
91  70  98  0  713  
92  70  98  0  714  
93  70  98  0  715  
94  70  98  0  716  
95  70  98  0  717  
96  70  98  0  718  
97  70  98  0  719  
98  70  98  0  720  
91  71  98  0  721  
92  71  98  0  722  
93  71  98  0  723  
94  71  98  0  724  
95  71  98  0  725  
96  71  98  0  726  
97  71  98  0  727  
98  71  98  0  728  
91  72  98  0  729  
92  72  98  0  730  
93  72  98  0  731  
94  72  98  0  732  
95  72  98  0  733  
96  72  98  0  734  
97  72  98  0  735  
98  72  98  0  736  
91  73  98  0  737  
92  73  98  0  738  
93  73  98  0  739  
94  73  98  0  740  
95  73  98  0  741  
96  73  98  0  742  
91  74  98  0  743  
92  74  98  0  744  
93  74  98  0  745  
94  74  98  0  746  
95  74  98  0  747  
96  74  98  0  748  
91  75  98  0  749  
92  75  98  0  750  
93  75  98  0  751  
94  75  98  0  752  
95  75  98  0  753  
96  75  98  0  754  
91  76  98  0  755  
92  76  98  0  756  
93  76  98  0  757  
94  76  98  0  758  
95  76  98  0  759  
96  76  98  0  760  
91  77  98  0  761  
92  77  98  0  762  
93  77  98  0  763  
94  77  98  0  764  
95  77  98  0  765  
96  77  98  0  766  
91  78  98  0  767  
92  78  98  0  768  
93  78  98  0  769  
94  78  98  0  770  
95  78  98  0  771  
96  78  98  0  772  
91  79  98  0  773  
92  79  98  0  774  
93  79  98  0  775  
94  79  98  0  776  
91  80  98  0  777  
92  80  98  0  778  
93  80  98  0  779  
94  80  98  0  780  
91  81  98  0  781  
92  81  98  0  782  
91  82  98  0  783  
92  82  98  0  784  
91  65  99  0  785  
92  65  99  0  786  
93  65  99  0  787  
94  65  99  0  788  
91  66  99  0  789  
92  66  99  0  790  
93  66  99  0  791  
94  66  99  0  792  
91  67  99  0  793  
92  67  99  0  794  
93  67  99  0  795  
94  67  99  0  796  
95  67  99  0  797  
96  67  99  0  798  
91  68  99  0  799  
92  68  99  0  800  
93  68  99  0  801  
94  68  99  0  802  
95  68  99  0  803  
96  68  99  0  804  
91  69  99  0  805  
92  69  99  0  806  
93  69  99  0  807  
94  69  99  0  808  
95  69  99  0  809  
96  69  99  0  810  
97  69  99  0  811  
98  69  99  0  812  
91  70  99  0  813  
92  70  99  0  814  
93  70  99  0  815  
94  70  99  0  816  
95  70  99  0  817  
96  70  99  0  818  
97  70  99  0  819  
98  70  99  0  820  
91  71  99  0  821  
92  71  99  0  822  
93  71  99  0  823  
94  71  99  0  824  
95  71  99  0  825  
96  71  99  0  826  
91  72  99  0  827  
92  72  99  0  828  
93  72  99  0  829  
94  72  99  0  830  
95  72  99  0  831  
96  72  99  0  832  
91  73  99  0  833  
92  73  99  0  834  
93  73  99  0  835  
94  73  99  0  836  
95  73  99  0  837  
96  73  99  0  838  
91  74  99  0  839  
92  74  99  0  840  
93  74  99  0  841  
94  74  99  0  842  
95  74  99  0  843  
96  74  99  0  844  
91  75  99  0  845  
92  75  99  0  846  
93  75  99  0  847  
94  75  99  0  848  
95  75  99  0  849  
96  75  99  0  850  
91  76  99  0  851  
92  76  99  0  852  
93  76  99  0  853  
94  76  99  0  854  
95  76  99  0  855  
96  76  99  0  856  
91  77  99  0  857  
92  77  99  0  858  
93  77  99  0  859  
94  77  99  0  860  
91  78  99  0  861  
92  78  99  0  862  
93  78  99  0  863  
94  78  99  0  864  
91  79  99  0  865  
92  79  99  0  866  
93  79  99  0  867  
94  79  99  0  868  
91  80  99  0  869  
92  80  99  0  870  
93  80  99  0  871  
94  80  99  0  872  
91  81  99  0  873  
92  81  99  0  874  
91  82  99  0  875  
92  82  99  0  876  
91  65  100  0  877  
92  65  100  0  878  
93  65  100  0  879  
94  65  100  0  880  
91  66  100  0  881  
92  66  100  0  882  
93  66  100  0  883  
94  66  100  0  884  
91  67  100  0  885  
92  67  100  0  886  
93  67  100  0  887  
94  67  100  0  888  
95  67  100  0  889  
96  67  100  0  890  
91  68  100  0  891  
92  68  100  0  892  
93  68  100  0  893  
94  68  100  0  894  
95  68  100  0  895  
96  68  100  0  896  
91  69  100  0  897  
92  69  100  0  898  
93  69  100  0  899  
94  69  100  0  900  
95  69  100  0  901  
96  69  100  0  902  
97  69  100  0  903  
98  69  100  0  904  
91  70  100  0  905  
92  70  100  0  906  
93  70  100  0  907  
94  70  100  0  908  
95  70  100  0  909  
96  70  100  0  910  
97  70  100  0  911  
98  70  100  0  912  
91  71  100  0  913  
92  71  100  0  914  
93  71  100  0  915  
94  71  100  0  916  
95  71  100  0  917  
96  71  100  0  918  
91  72  100  0  919  
92  72  100  0  920  
93  72  100  0  921  
94  72  100  0  922  
95  72  100  0  923  
96  72  100  0  924  
91  73  100  0  925  
92  73  100  0  926  
93  73  100  0  927  
94  73  100  0  928  
95  73  100  0  929  
96  73  100  0  930  
91  74  100  0  931  
92  74  100  0  932  
93  74  100  0  933  
94  74  100  0  934  
95  74  100  0  935  
96  74  100  0  936  
91  75  100  0  937  
92  75  100  0  938  
93  75  100  0  939  
94  75  100  0  940  
95  75  100  0  941  
96  75  100  0  942  
91  76  100  0  943  
92  76  100  0  944  
93  76  100  0  945  
94  76  100  0  946  
95  76  100  0  947  
96  76  100  0  948  
91  77  100  0  949  
92  77  100  0  950  
93  77  100  0  951  
94  77  100  0  952  
91  78  100  0  953  
92  78  100  0  954  
93  78  100  0  955  
94  78  100  0  956  
91  79  100  0  957  
92  79  100  0  958  
93  79  100  0  959  
94  79  100  0  960  
91  80  100  0  961  
92  80  100  0  962  
93  80  100  0  963  
94  80  100  0  964  
91  81  100  0  965  
92  81  100  0  966  
91  82  100  0  967  
92  82  100  0  968  
91  67  101  0  969  
92  67  101  0  970  
93  67  101  0  971  
94  67  101  0  972  
91  68  101  0  973  
92  68  101  0  974  
93  68  101  0  975  
94  68  101  0  976  
91  69  101  0  977  
92  69  101  0  978  
93  69  101  0  979  
94  69  101  0  980  
91  70  101  0  981  
92  70  101  0  982  
93  70  101  0  983  
94  70  101  0  984  
91  71  101  0  985  
92  71  101  0  986  
93  71  101  0  987  
94  71  101  0  988  
91  72  101  0  989  
92  72  101  0  990  
93  72  101  0  991  
94  72  101  0  992  
91  73  101  0  993  
92  73  101  0  994  
93  73  101  0  995  
94  73  101  0  996  
91  74  101  0  997  
92  74  101  0  998  
93  74  101  0  999  
94  74  101  0  1000  
91  75  101  0  1001  
92  75  101  0  1002  
93  75  101  0  1003  
94  75  101  0  1004  
91  76  101  0  1005  
92  76  101  0  1006  
93  76  101  0  1007  
94  76  101  0  1008  
91  77  101  0  1009  
92  77  101  0  1010  
91  78  101  0  1011  
92  78  101  0  1012  
91  79  101  0  1013  
92  79  101  0  1014  
91  80  101  0  1015  
92  80  101  0  1016  
91  67  102  0  1017  
92  67  102  0  1018  
93  67  102  0  1019  
94  67  102  0  1020  
91  68  102  0  1021  
92  68  102  0  1022  
93  68  102  0  1023  
94  68  102  0  1024  
91  69  102  0  1025  
92  69  102  0  1026  
93  69  102  0  1027  
94  69  102  0  1028  
91  70  102  0  1029  
92  70  102  0  1030  
93  70  102  0  1031  
94  70  102  0  1032  
91  71  102  0  1033  
92  71  102  0  1034  
93  71  102  0  1035  
94  71  102  0  1036  
91  72  102  0  1037  
92  72  102  0  1038  
93  72  102  0  1039  
94  72  102  0  1040  
91  73  102  0  1041  
92  73  102  0  1042  
93  73  102  0  1043  
94  73  102  0  1044  
91  74  102  0  1045  
92  74  102  0  1046  
93  74  102  0  1047  
94  74  102  0  1048  
91  75  102  0  1049  
92  75  102  0  1050  
93  75  102  0  1051  
94  75  102  0  1052  
91  76  102  0  1053  
92  76  102  0  1054  
93  76  102  0  1055  
94  76  102  0  1056  
91  77  102  0  1057  
92  77  102  0  1058  
91  78  102  0  1059  
92  78  102  0  1060  
91  79  102  0  1061  
92  79  102  0  1062  
91  80  102  0  1063  
92  80  102  0  1064  
91  69  103  0  1065  
92  69  103  0  1066  
91  70  103  0  1067  
92  70  103  0  1068  
91  71  103  0  1069  
92  71  103  0  1070  
91  72  103  0  1071  
92  72  103  0  1072  
91  73  103  0  1073  
92  73  103  0  1074  
91  74  103  0  1075  
92  74  103  0  1076  
91  69  104  0  1077  
92  69  104  0  1078  
91  70  104  0  1079  
92  70  104  0  1080  
91  71  104  0  1081  
92  71  104  0  1082  
91  72  104  0  1083  
92  72  104  0  1084  
91  73  104  0  1085  
92  73  104  0  1086  
91  74  104  0  1087  
92  74  104  0  1088  
