41  57  85  0  1  
42  57  85  0  2  
41  58  85  0  3  
42  58  85  0  4  
39  59  85  0  5  
40  59  85  0  6  
41  59  85  0  7  
42  59  85  0  8  
39  60  85  0  9  
40  60  85  0  10  
41  60  85  0  11  
42  60  85  0  12  
39  61  85  0  13  
40  61  85  0  14  
41  61  85  0  15  
42  61  85  0  16  
39  62  85  0  17  
40  62  85  0  18  
41  62  85  0  19  
42  62  85  0  20  
39  63  85  0  21  
40  63  85  0  22  
41  63  85  0  23  
42  63  85  0  24  
39  64  85  0  25  
40  64  85  0  26  
41  64  85  0  27  
42  64  85  0  28  
41  57  86  0  29  
42  57  86  0  30  
41  58  86  0  31  
42  58  86  0  32  
39  59  86  0  33  
40  59  86  0  34  
41  59  86  0  35  
42  59  86  0  36  
39  60  86  0  37  
40  60  86  0  38  
41  60  86  0  39  
42  60  86  0  40  
39  61  86  0  41  
40  61  86  0  42  
41  61  86  0  43  
42  61  86  0  44  
39  62  86  0  45  
40  62  86  0  46  
41  62  86  0  47  
42  62  86  0  48  
39  63  86  0  49  
40  63  86  0  50  
41  63  86  0  51  
42  63  86  0  52  
39  64  86  0  53  
40  64  86  0  54  
41  64  86  0  55  
42  64  86  0  56  
39  53  87  0  57  
40  53  87  0  58  
41  53  87  0  59  
42  53  87  0  60  
43  53  87  0  61  
44  53  87  0  62  
45  53  87  0  63  
46  53  87  0  64  
39  54  87  0  65  
40  54  87  0  66  
41  54  87  0  67  
42  54  87  0  68  
43  54  87  0  69  
44  54  87  0  70  
45  54  87  0  71  
46  54  87  0  72  
39  55  87  0  73  
40  55  87  0  74  
41  55  87  0  75  
42  55  87  0  76  
43  55  87  0  77  
44  55  87  0  78  
45  55  87  0  79  
46  55  87  0  80  
39  56  87  0  81  
40  56  87  0  82  
41  56  87  0  83  
42  56  87  0  84  
43  56  87  0  85  
44  56  87  0  86  
45  56  87  0  87  
46  56  87  0  88  
37  57  87  0  89  
38  57  87  0  90  
39  57  87  0  91  
40  57  87  0  92  
41  57  87  0  93  
42  57  87  0  94  
43  57  87  0  95  
44  57  87  0  96  
45  57  87  0  97  
46  57  87  0  98  
37  58  87  0  99  
38  58  87  0  100  
39  58  87  0  101  
40  58  87  0  102  
41  58  87  0  103  
42  58  87  0  104  
43  58  87  0  105  
44  58  87  0  106  
45  58  87  0  107  
46  58  87  0  108  
37  59  87  0  109  
38  59  87  0  110  
39  59  87  0  111  
40  59  87  0  112  
41  59  87  0  113  
42  59  87  0  114  
43  59  87  0  115  
44  59  87  0  116  
37  60  87  0  117  
38  60  87  0  118  
39  60  87  0  119  
40  60  87  0  120  
41  60  87  0  121  
42  60  87  0  122  
43  60  87  0  123  
44  60  87  0  124  
37  61  87  0  125  
38  61  87  0  126  
39  61  87  0  127  
40  61  87  0  128  
41  61  87  0  129  
42  61  87  0  130  
43  61  87  0  131  
44  61  87  0  132  
37  62  87  0  133  
38  62  87  0  134  
39  62  87  0  135  
40  62  87  0  136  
41  62  87  0  137  
42  62  87  0  138  
43  62  87  0  139  
44  62  87  0  140  
37  63  87  0  141  
38  63  87  0  142  
39  63  87  0  143  
40  63  87  0  144  
41  63  87  0  145  
42  63  87  0  146  
37  64  87  0  147  
38  64  87  0  148  
39  64  87  0  149  
40  64  87  0  150  
41  64  87  0  151  
42  64  87  0  152  
39  65  87  0  153  
40  65  87  0  154  
41  65  87  0  155  
42  65  87  0  156  
39  66  87  0  157  
40  66  87  0  158  
41  66  87  0  159  
42  66  87  0  160  
39  53  88  0  161  
40  53  88  0  162  
41  53  88  0  163  
42  53  88  0  164  
43  53  88  0  165  
44  53  88  0  166  
45  53  88  0  167  
46  53  88  0  168  
39  54  88  0  169  
40  54  88  0  170  
41  54  88  0  171  
42  54  88  0  172  
43  54  88  0  173  
44  54  88  0  174  
45  54  88  0  175  
46  54  88  0  176  
39  55  88  0  177  
40  55  88  0  178  
41  55  88  0  179  
42  55  88  0  180  
43  55  88  0  181  
44  55  88  0  182  
45  55  88  0  183  
46  55  88  0  184  
39  56  88  0  185  
40  56  88  0  186  
41  56  88  0  187  
42  56  88  0  188  
43  56  88  0  189  
44  56  88  0  190  
45  56  88  0  191  
46  56  88  0  192  
37  57  88  0  193  
38  57  88  0  194  
39  57  88  0  195  
40  57  88  0  196  
41  57  88  0  197  
42  57  88  0  198  
43  57  88  0  199  
44  57  88  0  200  
45  57  88  0  201  
46  57  88  0  202  
37  58  88  0  203  
38  58  88  0  204  
39  58  88  0  205  
40  58  88  0  206  
41  58  88  0  207  
42  58  88  0  208  
43  58  88  0  209  
44  58  88  0  210  
45  58  88  0  211  
46  58  88  0  212  
37  59  88  0  213  
38  59  88  0  214  
39  59  88  0  215  
40  59  88  0  216  
41  59  88  0  217  
42  59  88  0  218  
43  59  88  0  219  
44  59  88  0  220  
37  60  88  0  221  
38  60  88  0  222  
39  60  88  0  223  
40  60  88  0  224  
41  60  88  0  225  
42  60  88  0  226  
43  60  88  0  227  
44  60  88  0  228  
37  61  88  0  229  
38  61  88  0  230  
39  61  88  0  231  
40  61  88  0  232  
41  61  88  0  233  
42  61  88  0  234  
43  61  88  0  235  
44  61  88  0  236  
37  62  88  0  237  
38  62  88  0  238  
39  62  88  0  239  
40  62  88  0  240  
41  62  88  0  241  
42  62  88  0  242  
43  62  88  0  243  
44  62  88  0  244  
37  63  88  0  245  
38  63  88  0  246  
39  63  88  0  247  
40  63  88  0  248  
41  63  88  0  249  
42  63  88  0  250  
37  64  88  0  251  
38  64  88  0  252  
39  64  88  0  253  
40  64  88  0  254  
41  64  88  0  255  
42  64  88  0  256  
39  65  88  0  257  
40  65  88  0  258  
41  65  88  0  259  
42  65  88  0  260  
39  66  88  0  261  
40  66  88  0  262  
41  66  88  0  263  
42  66  88  0  264  
41  51  89  0  265  
42  51  89  0  266  
43  51  89  0  267  
44  51  89  0  268  
45  51  89  0  269  
46  51  89  0  270  
41  52  89  0  271  
42  52  89  0  272  
43  52  89  0  273  
44  52  89  0  274  
45  52  89  0  275  
46  52  89  0  276  
39  53  89  0  277  
40  53  89  0  278  
41  53  89  0  279  
42  53  89  0  280  
43  53  89  0  281  
44  53  89  0  282  
45  53  89  0  283  
46  53  89  0  284  
47  53  89  0  285  
48  53  89  0  286  
39  54  89  0  287  
40  54  89  0  288  
41  54  89  0  289  
42  54  89  0  290  
43  54  89  0  291  
44  54  89  0  292  
45  54  89  0  293  
46  54  89  0  294  
47  54  89  0  295  
48  54  89  0  296  
37  55  89  0  297  
38  55  89  0  298  
39  55  89  0  299  
40  55  89  0  300  
41  55  89  0  301  
42  55  89  0  302  
43  55  89  0  303  
44  55  89  0  304  
45  55  89  0  305  
46  55  89  0  306  
37  56  89  0  307  
38  56  89  0  308  
39  56  89  0  309  
40  56  89  0  310  
41  56  89  0  311  
42  56  89  0  312  
43  56  89  0  313  
44  56  89  0  314  
45  56  89  0  315  
46  56  89  0  316  
37  57  89  0  317  
38  57  89  0  318  
39  57  89  0  319  
40  57  89  0  320  
41  57  89  0  321  
42  57  89  0  322  
43  57  89  0  323  
44  57  89  0  324  
45  57  89  0  325  
46  57  89  0  326  
37  58  89  0  327  
38  58  89  0  328  
39  58  89  0  329  
40  58  89  0  330  
41  58  89  0  331  
42  58  89  0  332  
43  58  89  0  333  
44  58  89  0  334  
45  58  89  0  335  
46  58  89  0  336  
37  59  89  0  337  
38  59  89  0  338  
39  59  89  0  339  
40  59  89  0  340  
41  59  89  0  341  
42  59  89  0  342  
43  59  89  0  343  
44  59  89  0  344  
37  60  89  0  345  
38  60  89  0  346  
39  60  89  0  347  
40  60  89  0  348  
41  60  89  0  349  
42  60  89  0  350  
43  60  89  0  351  
44  60  89  0  352  
37  61  89  0  353  
38  61  89  0  354  
39  61  89  0  355  
40  61  89  0  356  
41  61  89  0  357  
42  61  89  0  358  
43  61  89  0  359  
44  61  89  0  360  
37  62  89  0  361  
38  62  89  0  362  
39  62  89  0  363  
40  62  89  0  364  
41  62  89  0  365  
42  62  89  0  366  
43  62  89  0  367  
44  62  89  0  368  
37  63  89  0  369  
38  63  89  0  370  
39  63  89  0  371  
40  63  89  0  372  
41  63  89  0  373  
42  63  89  0  374  
37  64  89  0  375  
38  64  89  0  376  
39  64  89  0  377  
40  64  89  0  378  
41  64  89  0  379  
42  64  89  0  380  
37  65  89  0  381  
38  65  89  0  382  
39  65  89  0  383  
40  65  89  0  384  
41  65  89  0  385  
42  65  89  0  386  
37  66  89  0  387  
38  66  89  0  388  
39  66  89  0  389  
40  66  89  0  390  
41  66  89  0  391  
42  66  89  0  392  
41  51  90  0  393  
42  51  90  0  394  
43  51  90  0  395  
44  51  90  0  396  
45  51  90  0  397  
46  51  90  0  398  
41  52  90  0  399  
42  52  90  0  400  
43  52  90  0  401  
44  52  90  0  402  
45  52  90  0  403  
46  52  90  0  404  
39  53  90  0  405  
40  53  90  0  406  
41  53  90  0  407  
42  53  90  0  408  
43  53  90  0  409  
44  53  90  0  410  
45  53  90  0  411  
46  53  90  0  412  
47  53  90  0  413  
48  53  90  0  414  
39  54  90  0  415  
40  54  90  0  416  
41  54  90  0  417  
42  54  90  0  418  
43  54  90  0  419  
44  54  90  0  420  
45  54  90  0  421  
46  54  90  0  422  
47  54  90  0  423  
48  54  90  0  424  
37  55  90  0  425  
38  55  90  0  426  
39  55  90  0  427  
40  55  90  0  428  
41  55  90  0  429  
42  55  90  0  430  
43  55  90  0  431  
44  55  90  0  432  
45  55  90  0  433  
46  55  90  0  434  
37  56  90  0  435  
38  56  90  0  436  
39  56  90  0  437  
40  56  90  0  438  
41  56  90  0  439  
42  56  90  0  440  
43  56  90  0  441  
44  56  90  0  442  
45  56  90  0  443  
46  56  90  0  444  
37  57  90  0  445  
38  57  90  0  446  
39  57  90  0  447  
40  57  90  0  448  
41  57  90  0  449  
42  57  90  0  450  
43  57  90  0  451  
44  57  90  0  452  
45  57  90  0  453  
46  57  90  0  454  
37  58  90  0  455  
38  58  90  0  456  
39  58  90  0  457  
40  58  90  0  458  
41  58  90  0  459  
42  58  90  0  460  
43  58  90  0  461  
44  58  90  0  462  
45  58  90  0  463  
46  58  90  0  464  
37  59  90  0  465  
38  59  90  0  466  
39  59  90  0  467  
40  59  90  0  468  
41  59  90  0  469  
42  59  90  0  470  
43  59  90  0  471  
44  59  90  0  472  
37  60  90  0  473  
38  60  90  0  474  
39  60  90  0  475  
40  60  90  0  476  
41  60  90  0  477  
42  60  90  0  478  
43  60  90  0  479  
44  60  90  0  480  
37  61  90  0  481  
38  61  90  0  482  
39  61  90  0  483  
40  61  90  0  484  
41  61  90  0  485  
42  61  90  0  486  
43  61  90  0  487  
44  61  90  0  488  
37  62  90  0  489  
38  62  90  0  490  
39  62  90  0  491  
40  62  90  0  492  
41  62  90  0  493  
42  62  90  0  494  
43  62  90  0  495  
44  62  90  0  496  
37  63  90  0  497  
38  63  90  0  498  
39  63  90  0  499  
40  63  90  0  500  
41  63  90  0  501  
42  63  90  0  502  
37  64  90  0  503  
38  64  90  0  504  
39  64  90  0  505  
40  64  90  0  506  
41  64  90  0  507  
42  64  90  0  508  
37  65  90  0  509  
38  65  90  0  510  
39  65  90  0  511  
40  65  90  0  512  
41  65  90  0  513  
42  65  90  0  514  
37  66  90  0  515  
38  66  90  0  516  
39  66  90  0  517  
40  66  90  0  518  
41  66  90  0  519  
42  66  90  0  520  
41  51  91  0  521  
42  51  91  0  522  
43  51  91  0  523  
44  51  91  0  524  
45  51  91  0  525  
46  51  91  0  526  
41  52  91  0  527  
42  52  91  0  528  
43  52  91  0  529  
44  52  91  0  530  
45  52  91  0  531  
46  52  91  0  532  
39  53  91  0  533  
40  53  91  0  534  
41  53  91  0  535  
42  53  91  0  536  
43  53  91  0  537  
44  53  91  0  538  
45  53  91  0  539  
46  53  91  0  540  
39  54  91  0  541  
40  54  91  0  542  
41  54  91  0  543  
42  54  91  0  544  
43  54  91  0  545  
44  54  91  0  546  
45  54  91  0  547  
46  54  91  0  548  
37  55  91  0  549  
38  55  91  0  550  
39  55  91  0  551  
40  55  91  0  552  
41  55  91  0  553  
42  55  91  0  554  
43  55  91  0  555  
44  55  91  0  556  
45  55  91  0  557  
46  55  91  0  558  
37  56  91  0  559  
38  56  91  0  560  
39  56  91  0  561  
40  56  91  0  562  
41  56  91  0  563  
42  56  91  0  564  
43  56  91  0  565  
44  56  91  0  566  
45  56  91  0  567  
46  56  91  0  568  
37  57  91  0  569  
38  57  91  0  570  
39  57  91  0  571  
40  57  91  0  572  
41  57  91  0  573  
42  57  91  0  574  
43  57  91  0  575  
44  57  91  0  576  
45  57  91  0  577  
46  57  91  0  578  
37  58  91  0  579  
38  58  91  0  580  
39  58  91  0  581  
40  58  91  0  582  
41  58  91  0  583  
42  58  91  0  584  
43  58  91  0  585  
44  58  91  0  586  
45  58  91  0  587  
46  58  91  0  588  
37  59  91  0  589  
38  59  91  0  590  
39  59  91  0  591  
40  59  91  0  592  
41  59  91  0  593  
42  59  91  0  594  
43  59  91  0  595  
44  59  91  0  596  
37  60  91  0  597  
38  60  91  0  598  
39  60  91  0  599  
40  60  91  0  600  
41  60  91  0  601  
42  60  91  0  602  
43  60  91  0  603  
44  60  91  0  604  
37  61  91  0  605  
38  61  91  0  606  
39  61  91  0  607  
40  61  91  0  608  
41  61  91  0  609  
42  61  91  0  610  
43  61  91  0  611  
44  61  91  0  612  
37  62  91  0  613  
38  62  91  0  614  
39  62  91  0  615  
40  62  91  0  616  
41  62  91  0  617  
42  62  91  0  618  
43  62  91  0  619  
44  62  91  0  620  
37  63  91  0  621  
38  63  91  0  622  
39  63  91  0  623  
40  63  91  0  624  
41  63  91  0  625  
42  63  91  0  626  
37  64  91  0  627  
38  64  91  0  628  
39  64  91  0  629  
40  64  91  0  630  
41  64  91  0  631  
42  64  91  0  632  
39  65  91  0  633  
40  65  91  0  634  
41  65  91  0  635  
42  65  91  0  636  
39  66  91  0  637  
40  66  91  0  638  
41  66  91  0  639  
42  66  91  0  640  
41  51  92  0  641  
42  51  92  0  642  
43  51  92  0  643  
44  51  92  0  644  
45  51  92  0  645  
46  51  92  0  646  
41  52  92  0  647  
42  52  92  0  648  
43  52  92  0  649  
44  52  92  0  650  
45  52  92  0  651  
46  52  92  0  652  
39  53  92  0  653  
40  53  92  0  654  
41  53  92  0  655  
42  53  92  0  656  
43  53  92  0  657  
44  53  92  0  658  
45  53  92  0  659  
46  53  92  0  660  
39  54  92  0  661  
40  54  92  0  662  
41  54  92  0  663  
42  54  92  0  664  
43  54  92  0  665  
44  54  92  0  666  
45  54  92  0  667  
46  54  92  0  668  
37  55  92  0  669  
38  55  92  0  670  
39  55  92  0  671  
40  55  92  0  672  
41  55  92  0  673  
42  55  92  0  674  
43  55  92  0  675  
44  55  92  0  676  
45  55  92  0  677  
46  55  92  0  678  
37  56  92  0  679  
38  56  92  0  680  
39  56  92  0  681  
40  56  92  0  682  
41  56  92  0  683  
42  56  92  0  684  
43  56  92  0  685  
44  56  92  0  686  
45  56  92  0  687  
46  56  92  0  688  
37  57  92  0  689  
38  57  92  0  690  
39  57  92  0  691  
40  57  92  0  692  
41  57  92  0  693  
42  57  92  0  694  
43  57  92  0  695  
44  57  92  0  696  
45  57  92  0  697  
46  57  92  0  698  
37  58  92  0  699  
38  58  92  0  700  
39  58  92  0  701  
40  58  92  0  702  
41  58  92  0  703  
42  58  92  0  704  
43  58  92  0  705  
44  58  92  0  706  
45  58  92  0  707  
46  58  92  0  708  
37  59  92  0  709  
38  59  92  0  710  
39  59  92  0  711  
40  59  92  0  712  
41  59  92  0  713  
42  59  92  0  714  
43  59  92  0  715  
44  59  92  0  716  
37  60  92  0  717  
38  60  92  0  718  
39  60  92  0  719  
40  60  92  0  720  
41  60  92  0  721  
42  60  92  0  722  
43  60  92  0  723  
44  60  92  0  724  
37  61  92  0  725  
38  61  92  0  726  
39  61  92  0  727  
40  61  92  0  728  
41  61  92  0  729  
42  61  92  0  730  
43  61  92  0  731  
44  61  92  0  732  
37  62  92  0  733  
38  62  92  0  734  
39  62  92  0  735  
40  62  92  0  736  
41  62  92  0  737  
42  62  92  0  738  
43  62  92  0  739  
44  62  92  0  740  
37  63  92  0  741  
38  63  92  0  742  
39  63  92  0  743  
40  63  92  0  744  
41  63  92  0  745  
42  63  92  0  746  
37  64  92  0  747  
38  64  92  0  748  
39  64  92  0  749  
40  64  92  0  750  
41  64  92  0  751  
42  64  92  0  752  
39  65  92  0  753  
40  65  92  0  754  
41  65  92  0  755  
42  65  92  0  756  
39  66  92  0  757  
40  66  92  0  758  
41  66  92  0  759  
42  66  92  0  760  
41  53  93  0  761  
42  53  93  0  762  
43  53  93  0  763  
44  53  93  0  764  
45  53  93  0  765  
46  53  93  0  766  
41  54  93  0  767  
42  54  93  0  768  
43  54  93  0  769  
44  54  93  0  770  
45  54  93  0  771  
46  54  93  0  772  
39  55  93  0  773  
40  55  93  0  774  
41  55  93  0  775  
42  55  93  0  776  
43  55  93  0  777  
44  55  93  0  778  
39  56  93  0  779  
40  56  93  0  780  
41  56  93  0  781  
42  56  93  0  782  
43  56  93  0  783  
44  56  93  0  784  
39  57  93  0  785  
40  57  93  0  786  
41  57  93  0  787  
42  57  93  0  788  
43  57  93  0  789  
44  57  93  0  790  
39  58  93  0  791  
40  58  93  0  792  
41  58  93  0  793  
42  58  93  0  794  
43  58  93  0  795  
44  58  93  0  796  
39  59  93  0  797  
40  59  93  0  798  
41  59  93  0  799  
42  59  93  0  800  
39  60  93  0  801  
40  60  93  0  802  
41  60  93  0  803  
42  60  93  0  804  
39  61  93  0  805  
40  61  93  0  806  
41  61  93  0  807  
42  61  93  0  808  
39  62  93  0  809  
40  62  93  0  810  
41  62  93  0  811  
42  62  93  0  812  
39  63  93  0  813  
40  63  93  0  814  
39  64  93  0  815  
40  64  93  0  816  
41  53  94  0  817  
42  53  94  0  818  
43  53  94  0  819  
44  53  94  0  820  
45  53  94  0  821  
46  53  94  0  822  
41  54  94  0  823  
42  54  94  0  824  
43  54  94  0  825  
44  54  94  0  826  
45  54  94  0  827  
46  54  94  0  828  
39  55  94  0  829  
40  55  94  0  830  
41  55  94  0  831  
42  55  94  0  832  
43  55  94  0  833  
44  55  94  0  834  
39  56  94  0  835  
40  56  94  0  836  
41  56  94  0  837  
42  56  94  0  838  
43  56  94  0  839  
44  56  94  0  840  
39  57  94  0  841  
40  57  94  0  842  
41  57  94  0  843  
42  57  94  0  844  
43  57  94  0  845  
44  57  94  0  846  
39  58  94  0  847  
40  58  94  0  848  
41  58  94  0  849  
42  58  94  0  850  
43  58  94  0  851  
44  58  94  0  852  
39  59  94  0  853  
40  59  94  0  854  
41  59  94  0  855  
42  59  94  0  856  
39  60  94  0  857  
40  60  94  0  858  
41  60  94  0  859  
42  60  94  0  860  
39  61  94  0  861  
40  61  94  0  862  
41  61  94  0  863  
42  61  94  0  864  
39  62  94  0  865  
40  62  94  0  866  
41  62  94  0  867  
42  62  94  0  868  
39  63  94  0  869  
40  63  94  0  870  
39  64  94  0  871  
40  64  94  0  872  
